0.000000000000000000e+00 9.988429546356201172e-01
9.500000000000000000e+01 9.976385235786437988e-01
1.900000000000000000e+02 9.929544329643249512e-01
2.850000000000000000e+02 9.952064156532287598e-01
3.800000000000000000e+02 9.938354492187500000e-01
4.750000000000000000e+02 9.918408989906311035e-01
5.700000000000000000e+02 9.900977611541748047e-01
6.650000000000000000e+02 9.912862181663513184e-01
7.600000000000000000e+02 9.929141402244567871e-01
8.550000000000000000e+02 9.919686317443847656e-01
9.500000000000000000e+02 9.924777150154113770e-01
1.045000000000000000e+03 9.943142533302307129e-01
1.140000000000000000e+03 9.953309297561645508e-01
1.235000000000000000e+03 9.957167506217956543e-01
1.330000000000000000e+03 9.950685501098632812e-01
1.425000000000000000e+03 9.941352009773254395e-01
1.520000000000000000e+03 9.931604266166687012e-01
1.615000000000000000e+03 9.921709895133972168e-01
1.710000000000000000e+03 9.921346902847290039e-01
1.805000000000000000e+03 9.912744164466857910e-01
1.900000000000000000e+03 9.915691614151000977e-01
1.995000000000000000e+03 9.904246926307678223e-01
2.090000000000000000e+03 9.899013042449951172e-01
2.185000000000000000e+03 9.897824525833129883e-01
2.280000000000000000e+03 9.901506900787353516e-01
2.375000000000000000e+03 9.901946187019348145e-01
2.470000000000000000e+03 9.897233843803405762e-01
2.565000000000000000e+03 9.898388385772705078e-01
2.660000000000000000e+03 9.897938370704650879e-01
2.755000000000000000e+03 9.907155036926269531e-01
2.850000000000000000e+03 9.908220767974853516e-01
2.945000000000000000e+03 9.918170571327209473e-01
3.040000000000000000e+03 9.917722344398498535e-01
3.135000000000000000e+03 9.915565848350524902e-01
3.230000000000000000e+03 9.919788837432861328e-01
3.325000000000000000e+03 9.918244481086730957e-01
3.420000000000000000e+03 9.919763803482055664e-01
3.515000000000000000e+03 9.918124079704284668e-01
3.610000000000000000e+03 9.937033653259277344e-01
3.705000000000000000e+03 9.935368299484252930e-01
3.800000000000000000e+03 9.929941892623901367e-01
3.895000000000000000e+03 9.925210475921630859e-01
3.990000000000000000e+03 9.921882152557373047e-01
4.085000000000000000e+03 9.927309751510620117e-01
4.180000000000000000e+03 9.927065968513488770e-01
4.275000000000000000e+03 9.927278757095336914e-01
4.370000000000000000e+03 9.927664995193481445e-01
4.465000000000000000e+03 9.933269619941711426e-01
4.560000000000000000e+03 9.941365718841552734e-01
4.655000000000000000e+03 9.951289892196655273e-01
4.750000000000000000e+03 9.955975413322448730e-01
4.845000000000000000e+03 9.958345890045166016e-01
4.940000000000000000e+03 9.966118931770324707e-01
5.035000000000000000e+03 9.969105720520019531e-01
5.130000000000000000e+03 9.969111084938049316e-01
5.225000000000000000e+03 9.970270991325378418e-01
5.320000000000000000e+03 9.974561929702758789e-01
5.415000000000000000e+03 9.977424144744873047e-01
5.510000000000000000e+03 9.982094168663024902e-01
5.605000000000000000e+03 9.984562993049621582e-01
5.700000000000000000e+03 9.986039400100708008e-01
5.795000000000000000e+03 9.986557960510253906e-01
5.890000000000000000e+03 9.988150000572204590e-01
5.985000000000000000e+03 9.987902641296386719e-01
6.080000000000000000e+03 9.988995790481567383e-01
6.175000000000000000e+03 9.988374114036560059e-01
6.270000000000000000e+03 9.987236857414245605e-01
6.365000000000000000e+03 9.985788464546203613e-01
6.460000000000000000e+03 9.983783364295959473e-01
6.555000000000000000e+03 9.980943799018859863e-01
6.650000000000000000e+03 9.976954460144042969e-01
6.745000000000000000e+03 9.971550703048706055e-01
6.840000000000000000e+03 9.964479804039001465e-01
6.935000000000000000e+03 9.955518841743469238e-01
7.030000000000000000e+03 9.944565892219543457e-01
7.125000000000000000e+03 9.931572675704956055e-01
7.220000000000000000e+03 9.916599988937377930e-01
7.315000000000000000e+03 9.899766445159912109e-01
7.410000000000000000e+03 9.881163239479064941e-01
7.505000000000000000e+03 9.861000180244445801e-01
7.600000000000000000e+03 9.839515089988708496e-01
7.695000000000000000e+03 9.816877245903015137e-01
7.790000000000000000e+03 9.793395400047302246e-01
7.885000000000000000e+03 9.769432544708251953e-01
7.980000000000000000e+03 9.745243787765502930e-01
8.075000000000000000e+03 9.721069335937500000e-01
8.170000000000000000e+03 9.697186350822448730e-01
8.265000000000000000e+03 9.673728942871093750e-01
8.360000000000000000e+03 9.650777578353881836e-01
8.455000000000000000e+03 9.628499746322631836e-01
8.550000000000000000e+03 9.606965184211730957e-01
8.645000000000000000e+03 9.586212635040283203e-01
8.740000000000000000e+03 9.566298723220825195e-01
8.835000000000000000e+03 9.547385573387145996e-01
8.930000000000000000e+03 9.529344439506530762e-01
9.025000000000000000e+03 9.512085914611816406e-01
9.120000000000000000e+03 9.495636224746704102e-01
9.215000000000000000e+03 9.480373859405517578e-01
9.310000000000000000e+03 9.466001391410827637e-01
9.405000000000000000e+03 9.452446699142456055e-01
9.500000000000000000e+03 9.439648985862731934e-01
9.595000000000000000e+03 9.427841901779174805e-01
9.690000000000000000e+03 9.416770935058593750e-01
9.785000000000000000e+03 9.406495690345764160e-01
9.880000000000000000e+03 9.396857619285583496e-01
9.975000000000000000e+03 9.387837648391723633e-01
1.007000000000000000e+04 9.379537701606750488e-01
1.016500000000000000e+04 9.371819496154785156e-01
1.026000000000000000e+04 9.364621639251708984e-01
1.035500000000000000e+04 9.357945322990417480e-01
1.045000000000000000e+04 9.351831674575805664e-01
1.054500000000000000e+04 9.345996975898742676e-01
1.064000000000000000e+04 9.340620636940002441e-01
1.073500000000000000e+04 9.335600137710571289e-01
1.083000000000000000e+04 9.330704808235168457e-01
1.092500000000000000e+04 9.326108098030090332e-01
1.102000000000000000e+04 9.321631193161010742e-01
1.111500000000000000e+04 9.317469000816345215e-01
1.121000000000000000e+04 9.313222169876098633e-01
1.130500000000000000e+04 9.309090971946716309e-01
1.140000000000000000e+04 9.305101633071899414e-01
1.149500000000000000e+04 9.301200509071350098e-01
1.159000000000000000e+04 9.297422170639038086e-01
1.168500000000000000e+04 9.293751120567321777e-01
1.178000000000000000e+04 9.290119409561157227e-01
1.187500000000000000e+04 9.286574721336364746e-01
1.197000000000000000e+04 9.282964468002319336e-01
1.206500000000000000e+04 9.279263019561767578e-01
1.216000000000000000e+04 9.275542497634887695e-01
1.225500000000000000e+04 9.271899461746215820e-01
1.235000000000000000e+04 9.268438220024108887e-01
1.244500000000000000e+04 9.265160560607910156e-01
1.254000000000000000e+04 9.262303113937377930e-01
1.263500000000000000e+04 9.259428977966308594e-01
1.273000000000000000e+04 9.256802201271057129e-01
1.282500000000000000e+04 9.254364967346191406e-01
1.292000000000000000e+04 9.252406358718872070e-01
1.301500000000000000e+04 9.250735044479370117e-01
1.311000000000000000e+04 9.249346256256103516e-01
1.320500000000000000e+04 9.248198270797729492e-01
1.330000000000000000e+04 9.247776865959167480e-01
1.339500000000000000e+04 9.247701764106750488e-01
1.349000000000000000e+04 9.249752759933471680e-01
1.358500000000000000e+04 9.252402782440185547e-01
1.368000000000000000e+04 9.268096089363098145e-01
1.377500000000000000e+04 9.290012121200561523e-01
1.387000000000000000e+04 9.306306838989257812e-01
1.396500000000000000e+04 9.331331253051757812e-01
1.406000000000000000e+04 9.357316493988037109e-01
1.415500000000000000e+04 9.402770400047302246e-01
1.425000000000000000e+04 9.410672187805175781e-01
1.434500000000000000e+04 9.434921145439147949e-01
1.444000000000000000e+04 9.474247694015502930e-01
1.453500000000000000e+04 9.506856799125671387e-01
1.463000000000000000e+04 9.554881453514099121e-01
1.472500000000000000e+04 9.557067155838012695e-01
1.482000000000000000e+04 9.582859873771667480e-01
1.491500000000000000e+04 9.621450901031494141e-01
1.501000000000000000e+04 9.612650871276855469e-01
1.510500000000000000e+04 9.629632234573364258e-01
1.520000000000000000e+04 9.638758301734924316e-01
1.529500000000000000e+04 9.652239084243774414e-01
1.539000000000000000e+04 9.660881757736206055e-01
1.548500000000000000e+04 9.681790471076965332e-01
1.558000000000000000e+04 9.680461287498474121e-01
1.567500000000000000e+04 9.655401110649108887e-01
1.577000000000000000e+04 9.661742448806762695e-01
1.586500000000000000e+04 9.672674536705017090e-01
1.596000000000000000e+04 9.680801033973693848e-01
1.605500000000000000e+04 9.688026905059814453e-01
1.615000000000000000e+04 9.700297117233276367e-01
1.624500000000000000e+04 9.702370762825012207e-01
1.634000000000000000e+04 9.697090387344360352e-01
1.643500000000000000e+04 9.715095758438110352e-01
1.653000000000000000e+04 9.730415344238281250e-01
1.662500000000000000e+04 9.718708992004394531e-01
1.672000000000000000e+04 9.698912501335144043e-01
1.681500000000000000e+04 9.713258743286132812e-01
1.691000000000000000e+04 9.723740220069885254e-01
1.700500000000000000e+04 9.703815579414367676e-01
1.710000000000000000e+04 9.716181755065917969e-01
1.719500000000000000e+04 9.726108312606811523e-01
1.729000000000000000e+04 9.736884832382202148e-01
1.738500000000000000e+04 9.750518798828125000e-01
1.748000000000000000e+04 9.771539568901062012e-01
1.757500000000000000e+04 9.772359132766723633e-01
1.767000000000000000e+04 9.769040346145629883e-01
1.776500000000000000e+04 9.765394330024719238e-01
1.786000000000000000e+04 9.754990935325622559e-01
1.795500000000000000e+04 9.736877679824829102e-01
1.805000000000000000e+04 9.712676405906677246e-01
1.814500000000000000e+04 9.684031009674072266e-01
1.824000000000000000e+04 9.652064442634582520e-01
1.833500000000000000e+04 9.617730379104614258e-01
1.843000000000000000e+04 9.581978321075439453e-01
1.852500000000000000e+04 9.545844793319702148e-01
1.862000000000000000e+04 9.509891867637634277e-01
1.871500000000000000e+04 9.474993348121643066e-01
1.881000000000000000e+04 9.441565871238708496e-01
1.890500000000000000e+04 9.410500526428222656e-01
1.900000000000000000e+04 9.382004737854003906e-01
1.909500000000000000e+04 9.356635212898254395e-01
1.919000000000000000e+04 9.334214925765991211e-01
1.928500000000000000e+04 9.315003156661987305e-01
1.938000000000000000e+04 9.299078583717346191e-01
1.947500000000000000e+04 9.286072850227355957e-01
1.957000000000000000e+04 9.275635480880737305e-01
1.966500000000000000e+04 9.268230795860290527e-01
1.976000000000000000e+04 9.263093471527099609e-01
1.985500000000000000e+04 9.260227680206298828e-01
1.995000000000000000e+04 9.259276986122131348e-01
2.004500000000000000e+04 9.260091781616210938e-01
2.014000000000000000e+04 9.262419939041137695e-01
2.023500000000000000e+04 9.265964627265930176e-01
2.033000000000000000e+04 9.270506501197814941e-01
2.042500000000000000e+04 9.276159405708312988e-01
2.052000000000000000e+04 9.282808899879455566e-01
2.061500000000000000e+04 9.289677739143371582e-01
2.071000000000000000e+04 9.297063350677490234e-01
2.080500000000000000e+04 9.304622411727905273e-01
2.090000000000000000e+04 9.312437176704406738e-01
2.099500000000000000e+04 9.319911599159240723e-01
2.109000000000000000e+04 9.327247738838195801e-01
2.118500000000000000e+04 9.334516525268554688e-01
2.128000000000000000e+04 9.340888261795043945e-01
2.137500000000000000e+04 9.346566796302795410e-01
2.147000000000000000e+04 9.351069331169128418e-01
2.156500000000000000e+04 9.354811906814575195e-01
2.166000000000000000e+04 9.356674551963806152e-01
2.175500000000000000e+04 9.356980919837951660e-01
2.185000000000000000e+04 9.355542659759521484e-01
2.194500000000000000e+04 9.352101087570190430e-01
2.204000000000000000e+04 9.346883296966552734e-01
2.213500000000000000e+04 9.339871406555175781e-01
2.223000000000000000e+04 9.331692457199096680e-01
2.232500000000000000e+04 9.323432445526123047e-01
2.242000000000000000e+04 9.314590692520141602e-01
2.251500000000000000e+04 9.304889440536499023e-01
2.261000000000000000e+04 9.297400116920471191e-01
2.270500000000000000e+04 9.289683699607849121e-01
2.280000000000000000e+04 9.282765388488769531e-01
2.289500000000000000e+04 9.279331564903259277e-01
2.299000000000000000e+04 9.279736280441284180e-01
2.308500000000000000e+04 9.273191094398498535e-01
2.318000000000000000e+04 9.273061752319335938e-01
2.327500000000000000e+04 9.278654456138610840e-01
2.337000000000000000e+04 9.264166951179504395e-01
2.346500000000000000e+04 9.275671839714050293e-01
2.356000000000000000e+04 9.277776479721069336e-01
2.365500000000000000e+04 9.279215335845947266e-01
2.375000000000000000e+04 9.278345704078674316e-01
2.384500000000000000e+04 9.282186627388000488e-01
2.394000000000000000e+04 9.279611110687255859e-01
2.403500000000000000e+04 9.255027174949645996e-01
2.413000000000000000e+04 9.269626140594482422e-01
2.422500000000000000e+04 9.242733120918273926e-01
2.432000000000000000e+04 9.214231371879577637e-01
2.441500000000000000e+04 9.183785915374755859e-01
2.451000000000000000e+04 9.175080657005310059e-01
2.460500000000000000e+04 9.140531420707702637e-01
2.470000000000000000e+04 9.136829376220703125e-01
2.479500000000000000e+04 9.145245552062988281e-01
2.489000000000000000e+04 9.132435917854309082e-01
2.498500000000000000e+04 9.127815365791320801e-01
2.508000000000000000e+04 9.137695431709289551e-01
2.517500000000000000e+04 9.154269695281982422e-01
2.527000000000000000e+04 9.162973761558532715e-01
2.536500000000000000e+04 9.177918434143066406e-01
2.546000000000000000e+04 9.203374385833740234e-01
2.555500000000000000e+04 9.238328337669372559e-01
2.565000000000000000e+04 9.239614605903625488e-01
2.574500000000000000e+04 9.273900985717773438e-01
2.584000000000000000e+04 9.307150840759277344e-01
2.593500000000000000e+04 9.375869035720825195e-01
2.603000000000000000e+04 9.552040696144104004e-01
2.612500000000000000e+04 9.667391180992126465e-01
2.622000000000000000e+04 9.738126993179321289e-01
2.631500000000000000e+04 9.784736037254333496e-01
2.641000000000000000e+04 9.814032912254333496e-01
2.650500000000000000e+04 9.832174181938171387e-01
2.660000000000000000e+04 9.842900633811950684e-01
2.669500000000000000e+04 9.848542809486389160e-01
2.679000000000000000e+04 9.850501418113708496e-01
2.688500000000000000e+04 9.849671721458435059e-01
2.698000000000000000e+04 9.846733212471008301e-01
2.707500000000000000e+04 9.842142462730407715e-01
2.717000000000000000e+04 9.836220145225524902e-01
2.726500000000000000e+04 9.829387068748474121e-01
2.736000000000000000e+04 9.821828603744506836e-01
2.745500000000000000e+04 9.813860058784484863e-01
2.755000000000000000e+04 9.805866479873657227e-01
2.764500000000000000e+04 9.797794818878173828e-01
2.774000000000000000e+04 9.789900183677673340e-01
2.783500000000000000e+04 9.782351255416870117e-01
2.793000000000000000e+04 9.775170087814331055e-01
2.802500000000000000e+04 9.768677353858947754e-01
2.812000000000000000e+04 9.762874245643615723e-01
2.821500000000000000e+04 9.757805466651916504e-01
2.831000000000000000e+04 9.753471016883850098e-01
2.840500000000000000e+04 9.750019907951354980e-01
2.850000000000000000e+04 9.747610688209533691e-01
2.859500000000000000e+04 9.746103286743164062e-01
2.869000000000000000e+04 9.745782613754272461e-01
2.878500000000000000e+04 9.746618270874023438e-01
2.888000000000000000e+04 9.748580455780029297e-01
2.897500000000000000e+04 9.748844504356384277e-01
2.907000000000000000e+04 9.752932190895080566e-01
2.916500000000000000e+04 9.757773280143737793e-01
2.926000000000000000e+04 9.761174917221069336e-01
2.935500000000000000e+04 9.768736958503723145e-01
2.945000000000000000e+04 9.775372147560119629e-01
2.954500000000000000e+04 9.783094525337219238e-01
2.964000000000000000e+04 9.790174365043640137e-01
2.973500000000000000e+04 9.794385433197021484e-01
2.983000000000000000e+04 9.800590872764587402e-01
2.992500000000000000e+04 9.803406596183776855e-01
3.002000000000000000e+04 9.807453155517578125e-01
3.011500000000000000e+04 9.810631871223449707e-01
3.021000000000000000e+04 9.814344644546508789e-01
3.030500000000000000e+04 9.813400506973266602e-01
3.040000000000000000e+04 9.813153147697448730e-01
3.049500000000000000e+04 9.806982278823852539e-01
3.059000000000000000e+04 9.796088933944702148e-01
3.068500000000000000e+04 9.787036776542663574e-01
3.078000000000000000e+04 9.773645997047424316e-01
3.087500000000000000e+04 9.759690165519714355e-01
3.097000000000000000e+04 9.744228124618530273e-01
3.106500000000000000e+04 9.729578495025634766e-01
3.116000000000000000e+04 9.716379046440124512e-01
3.125500000000000000e+04 9.706532955169677734e-01
3.135000000000000000e+04 9.706583023071289062e-01
3.144500000000000000e+04 9.705358147621154785e-01
3.154000000000000000e+04 9.705860018730163574e-01
3.163500000000000000e+04 9.713942408561706543e-01
3.173000000000000000e+04 9.723209738731384277e-01
3.182500000000000000e+04 9.732053279876708984e-01
3.192000000000000000e+04 9.743173718452453613e-01
3.201500000000000000e+04 9.757776856422424316e-01
3.211000000000000000e+04 9.767462611198425293e-01
3.220500000000000000e+04 9.836966991424560547e-01
3.230000000000000000e+04 9.879549145698547363e-01
3.239500000000000000e+04 9.885389208793640137e-01
3.249000000000000000e+04 9.881324768066406250e-01
3.258500000000000000e+04 9.876614212989807129e-01
3.268000000000000000e+04 9.873467683792114258e-01
3.277500000000000000e+04 9.871112108230590820e-01
3.287000000000000000e+04 9.868317842483520508e-01
3.296500000000000000e+04 9.864063858985900879e-01
3.306000000000000000e+04 9.857657551765441895e-01
3.315500000000000000e+04 9.848698973655700684e-01
3.325000000000000000e+04 9.836900830268859863e-01
3.334500000000000000e+04 9.822587370872497559e-01
3.344000000000000000e+04 9.806488156318664551e-01
3.353500000000000000e+04 9.789065718650817871e-01
3.363000000000000000e+04 9.770561456680297852e-01
3.372500000000000000e+04 9.751540422439575195e-01
3.382000000000000000e+04 9.730240702629089355e-01
3.391500000000000000e+04 9.707268476486206055e-01
3.401000000000000000e+04 9.684923887252807617e-01
3.410500000000000000e+04 9.661902189254760742e-01
3.420000000000000000e+04 9.637300968170166016e-01
3.429500000000000000e+04 9.604363441467285156e-01
3.439000000000000000e+04 9.584192633628845215e-01
3.448500000000000000e+04 9.567570090293884277e-01
3.458000000000000000e+04 9.544111490249633789e-01
3.467500000000000000e+04 9.523708820343017578e-01
3.477000000000000000e+04 9.500708580017089844e-01
3.486500000000000000e+04 9.481141567230224609e-01
3.496000000000000000e+04 9.470974802970886230e-01
3.505500000000000000e+04 9.469636678695678711e-01
3.515000000000000000e+04 9.486653208732604980e-01
3.524500000000000000e+04 9.486617445945739746e-01
3.534000000000000000e+04 9.503278732299804688e-01
3.543500000000000000e+04 9.517403841018676758e-01
3.553000000000000000e+04 9.534000754356384277e-01
3.562500000000000000e+04 9.602389931678771973e-01
3.572000000000000000e+04 9.650969505310058594e-01
3.581500000000000000e+04 9.684845805168151855e-01
3.591000000000000000e+04 9.707985520362854004e-01
3.600500000000000000e+04 9.722220897674560547e-01
3.610000000000000000e+04 9.729450941085815430e-01
3.619500000000000000e+04 9.731032848358154297e-01
3.629000000000000000e+04 9.727610945701599121e-01
3.638500000000000000e+04 9.719471335411071777e-01
3.648000000000000000e+04 9.706364274024963379e-01
3.657500000000000000e+04 9.688227772712707520e-01
3.667000000000000000e+04 9.663603305816650391e-01
3.676500000000000000e+04 9.632256031036376953e-01
3.686000000000000000e+04 9.607664942741394043e-01
3.695500000000000000e+04 9.566235542297363281e-01
3.705000000000000000e+04 9.508039355278015137e-01
3.714500000000000000e+04 9.435168504714965820e-01
3.724000000000000000e+04 9.405998587608337402e-01
3.733500000000000000e+04 9.543149471282958984e-01
3.743000000000000000e+04 9.693900346755981445e-01
3.752500000000000000e+04 9.775297045707702637e-01
3.762000000000000000e+04 9.823912382125854492e-01
3.771500000000000000e+04 9.853666424751281738e-01
3.781000000000000000e+04 9.877755045890808105e-01
3.790500000000000000e+04 9.888455867767333984e-01
3.800000000000000000e+04 9.897536039352416992e-01
3.809500000000000000e+04 9.901934266090393066e-01
3.819000000000000000e+04 9.898678064346313477e-01
3.828500000000000000e+04 9.900077581405639648e-01
3.838000000000000000e+04 9.906079173088073730e-01
3.847500000000000000e+04 9.911788105964660645e-01
3.857000000000000000e+04 9.915618300437927246e-01
3.866500000000000000e+04 9.917880296707153320e-01
3.876000000000000000e+04 9.920707941055297852e-01
3.885500000000000000e+04 9.924937486648559570e-01
3.895000000000000000e+04 9.927063584327697754e-01
3.904500000000000000e+04 9.936373233795166016e-01
3.914000000000000000e+04 9.937077760696411133e-01
3.923500000000000000e+04 9.933865070343017578e-01
3.933000000000000000e+04 9.934614896774291992e-01
3.942500000000000000e+04 9.932910799980163574e-01
3.952000000000000000e+04 9.935312271118164062e-01
3.961500000000000000e+04 9.942092299461364746e-01
3.971000000000000000e+04 9.945634603500366211e-01
3.980500000000000000e+04 9.950278401374816895e-01
3.990000000000000000e+04 9.955438375473022461e-01
3.999500000000000000e+04 9.958390593528747559e-01
4.009000000000000000e+04 9.960358142852783203e-01
4.018500000000000000e+04 9.958944916725158691e-01
4.028000000000000000e+04 9.951979517936706543e-01
4.037500000000000000e+04 9.936514496803283691e-01
4.047000000000000000e+04 9.913002252578735352e-01
4.056500000000000000e+04 9.888199567794799805e-01
4.066000000000000000e+04 9.863432049751281738e-01
4.075500000000000000e+04 9.842227697372436523e-01
4.085000000000000000e+04 9.823771119117736816e-01
4.094500000000000000e+04 9.827835559844970703e-01
4.104000000000000000e+04 9.865608215332031250e-01
4.113500000000000000e+04 9.882847070693969727e-01
4.123000000000000000e+04 9.888715744018554688e-01
4.132500000000000000e+04 9.886861443519592285e-01
4.142000000000000000e+04 9.884378314018249512e-01
4.151500000000000000e+04 9.874259829521179199e-01
4.161000000000000000e+04 9.878152012825012207e-01
4.170500000000000000e+04 9.901923537254333496e-01
4.180000000000000000e+04 9.919600486755371094e-01
4.189500000000000000e+04 9.931699037551879883e-01
4.199000000000000000e+04 9.931371212005615234e-01
4.208500000000000000e+04 9.946683049201965332e-01
4.218000000000000000e+04 9.954413175582885742e-01
4.227500000000000000e+04 9.967218637466430664e-01
4.237000000000000000e+04 9.974849224090576172e-01
4.246500000000000000e+04 9.979943633079528809e-01
4.256000000000000000e+04 9.982644319534301758e-01
4.265500000000000000e+04 9.986076951026916504e-01
4.275000000000000000e+04 9.987496137619018555e-01
4.284500000000000000e+04 9.989923238754272461e-01
4.294000000000000000e+04 9.990759491920471191e-01
4.303500000000000000e+04 9.989649057388305664e-01
4.313000000000000000e+04 9.988418221473693848e-01
4.322500000000000000e+04 9.985615015029907227e-01
4.332000000000000000e+04 9.981499314308166504e-01
4.341500000000000000e+04 9.979259967803955078e-01
4.351000000000000000e+04 9.980126619338989258e-01
4.360500000000000000e+04 9.983506202697753906e-01
4.370000000000000000e+04 9.985476732254028320e-01
4.379500000000000000e+04 9.986980557441711426e-01
4.389000000000000000e+04 9.987275004386901855e-01
4.398500000000000000e+04 9.988294243812561035e-01
4.408000000000000000e+04 9.990057945251464844e-01
4.417500000000000000e+04 9.988228082656860352e-01
4.427000000000000000e+04 9.987836480140686035e-01
4.436500000000000000e+04 9.987172484397888184e-01
4.446000000000000000e+04 9.986391663551330566e-01
4.455500000000000000e+04 9.983752369880676270e-01
4.465000000000000000e+04 9.982135891914367676e-01
4.474500000000000000e+04 9.977615475654602051e-01
4.484000000000000000e+04 9.977977275848388672e-01
4.493500000000000000e+04 9.977385401725769043e-01
4.503000000000000000e+04 9.968393445014953613e-01
4.512500000000000000e+04 9.958918690681457520e-01
4.522000000000000000e+04 9.948703050613403320e-01
4.531500000000000000e+04 9.931480884552001953e-01
4.541000000000000000e+04 9.939191937446594238e-01
4.550500000000000000e+04 9.950605034828186035e-01
4.560000000000000000e+04 9.964796304702758789e-01
4.569500000000000000e+04 9.972221255302429199e-01
4.579000000000000000e+04 9.971853494644165039e-01
4.588500000000000000e+04 9.965859651565551758e-01
4.598000000000000000e+04 9.952763915061950684e-01
4.607500000000000000e+04 9.942897558212280273e-01
4.617000000000000000e+04 9.932921528816223145e-01
4.626500000000000000e+04 9.924231767654418945e-01
4.636000000000000000e+04 9.906200170516967773e-01
4.645500000000000000e+04 9.913069009780883789e-01
4.655000000000000000e+04 9.936148524284362793e-01
4.664500000000000000e+04 9.950979948043823242e-01
4.674000000000000000e+04 9.959156513214111328e-01
4.683500000000000000e+04 9.962197542190551758e-01
4.693000000000000000e+04 9.960417747497558594e-01
4.702500000000000000e+04 9.963608980178833008e-01
4.712000000000000000e+04 9.968655705451965332e-01
4.721500000000000000e+04 9.971731305122375488e-01
4.731000000000000000e+04 9.973887205123901367e-01
4.740500000000000000e+04 9.972638487815856934e-01
4.750000000000000000e+04 9.970600008964538574e-01
4.759500000000000000e+04 9.963585138320922852e-01
4.769000000000000000e+04 9.955971240997314453e-01
4.778500000000000000e+04 9.945959448814392090e-01
4.788000000000000000e+04 9.936488866806030273e-01
4.797500000000000000e+04 9.926532506942749023e-01
4.807000000000000000e+04 9.909819960594177246e-01
4.816500000000000000e+04 9.905112981796264648e-01
4.826000000000000000e+04 9.893164634704589844e-01
4.835500000000000000e+04 9.885569214820861816e-01
4.845000000000000000e+04 9.912668466567993164e-01
4.854500000000000000e+04 9.924638867378234863e-01
4.864000000000000000e+04 9.929503798484802246e-01
4.873500000000000000e+04 9.929076433181762695e-01
4.883000000000000000e+04 9.923707246780395508e-01
4.892500000000000000e+04 9.923605322837829590e-01
4.902000000000000000e+04 9.913402795791625977e-01
4.911500000000000000e+04 9.900820851325988770e-01
4.921000000000000000e+04 9.899653196334838867e-01
4.930500000000000000e+04 9.891223311424255371e-01
4.940000000000000000e+04 9.891709685325622559e-01
4.949500000000000000e+04 9.915727376937866211e-01
4.959000000000000000e+04 9.934687614440917969e-01
4.968500000000000000e+04 9.938681125640869141e-01
4.978000000000000000e+04 9.932789802551269531e-01
4.987500000000000000e+04 9.919695854187011719e-01
4.997000000000000000e+04 9.915147423744201660e-01
5.006500000000000000e+04 9.904187917709350586e-01
5.016000000000000000e+04 9.894901514053344727e-01
5.025500000000000000e+04 9.904922246932983398e-01
5.035000000000000000e+04 9.919714927673339844e-01
5.044500000000000000e+04 9.932650327682495117e-01
5.054000000000000000e+04 9.947218298912048340e-01
5.063500000000000000e+04 9.958831071853637695e-01
5.073000000000000000e+04 9.967420101165771484e-01
5.082500000000000000e+04 9.974943399429321289e-01
5.092000000000000000e+04 9.980134367942810059e-01
5.101500000000000000e+04 9.982016682624816895e-01
5.111000000000000000e+04 9.984870553016662598e-01
5.120500000000000000e+04 9.985640048980712891e-01
5.130000000000000000e+04 9.985502362251281738e-01
5.139500000000000000e+04 9.982472658157348633e-01
5.149000000000000000e+04 9.980425834655761719e-01
5.158500000000000000e+04 9.975495934486389160e-01
5.168000000000000000e+04 9.966866374015808105e-01
5.177500000000000000e+04 9.959678053855895996e-01
5.187000000000000000e+04 9.968317747116088867e-01
5.196500000000000000e+04 9.968316555023193359e-01
5.206000000000000000e+04 9.961572289466857910e-01
5.215500000000000000e+04 9.950344562530517578e-01
5.225000000000000000e+04 9.942261576652526855e-01
5.234500000000000000e+04 9.937160611152648926e-01
5.244000000000000000e+04 9.925728440284729004e-01
5.253500000000000000e+04 9.908051490783691406e-01
5.263000000000000000e+04 9.902637004852294922e-01
5.272500000000000000e+04 9.889680743217468262e-01
5.282000000000000000e+04 9.881125688552856445e-01
5.291500000000000000e+04 9.872784018516540527e-01
5.301000000000000000e+04 9.907997846603393555e-01
5.310500000000000000e+04 9.937688112258911133e-01
5.320000000000000000e+04 9.957258105278015137e-01
5.329500000000000000e+04 9.966756105422973633e-01
5.339000000000000000e+04 9.972847700119018555e-01
5.348500000000000000e+04 9.977515339851379395e-01
5.358000000000000000e+04 9.981434345245361328e-01
5.367500000000000000e+04 9.983411431312561035e-01
5.377000000000000000e+04 9.984768629074096680e-01
5.386500000000000000e+04 9.986788630485534668e-01
5.396000000000000000e+04 9.987931847572326660e-01
5.405500000000000000e+04 9.988285303115844727e-01
5.415000000000000000e+04 9.988128542900085449e-01
5.424500000000000000e+04 9.987822771072387695e-01
5.434000000000000000e+04 9.988633990287780762e-01
5.443500000000000000e+04 9.989386796951293945e-01
5.453000000000000000e+04 9.990158677101135254e-01
5.462500000000000000e+04 9.989361166954040527e-01
5.472000000000000000e+04 9.987842440605163574e-01
5.481500000000000000e+04 9.985956549644470215e-01
5.491000000000000000e+04 9.982442259788513184e-01
5.500500000000000000e+04 9.979811906814575195e-01
5.510000000000000000e+04 9.980805516242980957e-01
5.519500000000000000e+04 9.984623193740844727e-01
5.529000000000000000e+04 9.984142184257507324e-01
5.538500000000000000e+04 9.984148144721984863e-01
5.548000000000000000e+04 9.985176324844360352e-01
5.557500000000000000e+04 9.983462095260620117e-01
5.567000000000000000e+04 9.981237649917602539e-01
5.576500000000000000e+04 9.978126287460327148e-01
5.586000000000000000e+04 9.968194961547851562e-01
5.595500000000000000e+04 9.957643747329711914e-01
5.605000000000000000e+04 9.953827261924743652e-01
5.614500000000000000e+04 9.945259094238281250e-01
5.624000000000000000e+04 9.934020042419433594e-01
5.633500000000000000e+04 9.918326735496520996e-01
5.643000000000000000e+04 9.899691343307495117e-01
5.652500000000000000e+04 9.882920384407043457e-01
5.662000000000000000e+04 9.868880510330200195e-01
5.671500000000000000e+04 9.846087098121643066e-01
5.681000000000000000e+04 9.836424589157104492e-01
5.690500000000000000e+04 9.827576279640197754e-01
5.700000000000000000e+04 9.825981855392456055e-01
5.709500000000000000e+04 9.828919172286987305e-01
5.719000000000000000e+04 9.831572771072387695e-01
5.728500000000000000e+04 9.827075004577636719e-01
5.738000000000000000e+04 9.828499555587768555e-01
5.747500000000000000e+04 9.823361039161682129e-01
5.757000000000000000e+04 9.820835590362548828e-01
5.766500000000000000e+04 9.791085720062255859e-01
5.776000000000000000e+04 9.782294631004333496e-01
5.785500000000000000e+04 9.785631299018859863e-01
5.795000000000000000e+04 9.780564308166503906e-01
5.804500000000000000e+04 9.769837856292724609e-01
5.814000000000000000e+04 9.774324893951416016e-01
5.823500000000000000e+04 9.768785238265991211e-01
5.833000000000000000e+04 9.764978289604187012e-01
5.842500000000000000e+04 9.769548773765563965e-01
5.852000000000000000e+04 9.750556945800781250e-01
5.861500000000000000e+04 9.738564491271972656e-01
5.871000000000000000e+04 9.734849929809570312e-01
5.880500000000000000e+04 9.720660448074340820e-01
5.890000000000000000e+04 9.713388681411743164e-01
5.899500000000000000e+04 9.713451266288757324e-01
5.909000000000000000e+04 9.705478549003601074e-01
5.918500000000000000e+04 9.711150527000427246e-01
5.928000000000000000e+04 9.715921282768249512e-01
5.937500000000000000e+04 9.719209671020507812e-01
5.947000000000000000e+04 9.726302623748779297e-01
5.956500000000000000e+04 9.737577438354492188e-01
5.966000000000000000e+04 9.745643138885498047e-01
5.975500000000000000e+04 9.752268791198730469e-01
5.985000000000000000e+04 9.758622646331787109e-01
5.994500000000000000e+04 9.763225317001342773e-01
6.004000000000000000e+04 9.768167138099670410e-01
6.013500000000000000e+04 9.770933985710144043e-01
6.023000000000000000e+04 9.773322343826293945e-01
6.032500000000000000e+04 9.774186015129089355e-01
6.042000000000000000e+04 9.773362278938293457e-01
6.051500000000000000e+04 9.774762392044067383e-01
6.061000000000000000e+04 9.774594902992248535e-01
6.070500000000000000e+04 9.776384234428405762e-01
6.080000000000000000e+04 9.774184823036193848e-01
6.089500000000000000e+04 9.772509932518005371e-01
6.099000000000000000e+04 9.770972132682800293e-01
6.108500000000000000e+04 9.769097566604614258e-01
6.118000000000000000e+04 9.767458438873291016e-01
6.127500000000000000e+04 9.766629934310913086e-01
6.137000000000000000e+04 9.767903685569763184e-01
6.146500000000000000e+04 9.764463901519775391e-01
6.156000000000000000e+04 9.762325882911682129e-01
6.165500000000000000e+04 9.758187532424926758e-01
6.175000000000000000e+04 9.756057858467102051e-01
6.184500000000000000e+04 9.755447506904602051e-01
6.194000000000000000e+04 9.753043651580810547e-01
6.203500000000000000e+04 9.751435518264770508e-01
6.213000000000000000e+04 9.746944904327392578e-01
6.222500000000000000e+04 9.745627045631408691e-01
6.232000000000000000e+04 9.743045568466186523e-01
6.241500000000000000e+04 9.742832779884338379e-01
6.251000000000000000e+04 9.739918112754821777e-01
6.260500000000000000e+04 9.734872579574584961e-01
6.270000000000000000e+04 9.731302857398986816e-01
6.279500000000000000e+04 9.732709527015686035e-01
6.289000000000000000e+04 9.730259776115417480e-01
6.298500000000000000e+04 9.724271297454833984e-01
6.308000000000000000e+04 9.722260236740112305e-01
6.317500000000000000e+04 9.720615148544311523e-01
6.327000000000000000e+04 9.720540642738342285e-01
6.336500000000000000e+04 9.717777371406555176e-01
6.346000000000000000e+04 9.717252850532531738e-01
6.355500000000000000e+04 9.715204834938049316e-01
6.365000000000000000e+04 9.715321660041809082e-01
6.374500000000000000e+04 9.713537096977233887e-01
6.384000000000000000e+04 9.711009263992309570e-01
6.393500000000000000e+04 9.707330465316772461e-01
6.403000000000000000e+04 9.704111218452453613e-01
6.412500000000000000e+04 9.702179431915283203e-01
6.422000000000000000e+04 9.701492190361022949e-01
6.431500000000000000e+04 9.701740145683288574e-01
6.441000000000000000e+04 9.697911143302917480e-01
6.450500000000000000e+04 9.695903062820434570e-01
6.460000000000000000e+04 9.693452119827270508e-01
6.469500000000000000e+04 9.692658782005310059e-01
6.479000000000000000e+04 9.691333174705505371e-01
6.488500000000000000e+04 9.688794016838073730e-01
6.498000000000000000e+04 9.688779711723327637e-01
6.507500000000000000e+04 9.685035943984985352e-01
6.517000000000000000e+04 9.678674936294555664e-01
6.526500000000000000e+04 9.678344726562500000e-01
6.536000000000000000e+04 9.677464365959167480e-01
6.545500000000000000e+04 9.675108790397644043e-01
6.555000000000000000e+04 9.669443964958190918e-01
6.564500000000000000e+04 9.667706489562988281e-01
6.574000000000000000e+04 9.665822982788085938e-01
6.583500000000000000e+04 9.664770364761352539e-01
6.593000000000000000e+04 9.661749601364135742e-01
6.602500000000000000e+04 9.663604497909545898e-01
6.612000000000000000e+04 9.658814668655395508e-01
6.621500000000000000e+04 9.657153487205505371e-01
6.631000000000000000e+04 9.653397798538208008e-01
6.640500000000000000e+04 9.650211334228515625e-01
6.650000000000000000e+04 9.648434519767761230e-01
6.659500000000000000e+04 9.645270109176635742e-01
6.669000000000000000e+04 9.641128778457641602e-01
6.678500000000000000e+04 9.637536406517028809e-01
6.688000000000000000e+04 9.634318947792053223e-01
6.697500000000000000e+04 9.631456136703491211e-01
6.707000000000000000e+04 9.628940820693969727e-01
6.716500000000000000e+04 9.629651308059692383e-01
6.726000000000000000e+04 9.628131389617919922e-01
6.735500000000000000e+04 9.625333547592163086e-01
6.745000000000000000e+04 9.622771143913269043e-01
6.754500000000000000e+04 9.622551798820495605e-01
6.764000000000000000e+04 9.621587395668029785e-01
6.773500000000000000e+04 9.616872072219848633e-01
6.783000000000000000e+04 9.615387916564941406e-01
6.792500000000000000e+04 9.615231156349182129e-01
6.802000000000000000e+04 9.614119529724121094e-01
6.811500000000000000e+04 9.616014957427978516e-01
6.821000000000000000e+04 9.611805677413940430e-01
6.830500000000000000e+04 9.609510302543640137e-01
6.840000000000000000e+04 9.609555006027221680e-01
6.849500000000000000e+04 9.606415629386901855e-01
6.859000000000000000e+04 9.603608250617980957e-01
6.868500000000000000e+04 9.603754281997680664e-01
6.878000000000000000e+04 9.601736068725585938e-01
6.887500000000000000e+04 9.601107835769653320e-01
6.897000000000000000e+04 9.597200751304626465e-01
6.906500000000000000e+04 9.596543312072753906e-01
6.916000000000000000e+04 9.597318172454833984e-01
6.925500000000000000e+04 9.591417312622070312e-01
6.935000000000000000e+04 9.590803384780883789e-01
6.944500000000000000e+04 9.590170383453369141e-01
6.954000000000000000e+04 9.589409232139587402e-01
6.963500000000000000e+04 9.587096571922302246e-01
6.973000000000000000e+04 9.583440423011779785e-01
6.982500000000000000e+04 9.583230614662170410e-01
6.992000000000000000e+04 9.579352140426635742e-01
7.001500000000000000e+04 9.577140212059020996e-01
7.011000000000000000e+04 9.578300714492797852e-01
7.020500000000000000e+04 9.573750495910644531e-01
7.030000000000000000e+04 9.571945071220397949e-01
7.039500000000000000e+04 9.570524692535400391e-01
7.049000000000000000e+04 9.567887783050537109e-01
7.058500000000000000e+04 9.567141532897949219e-01
7.068000000000000000e+04 9.564114212989807129e-01
7.077500000000000000e+04 9.563404917716979980e-01
7.087000000000000000e+04 9.561361074447631836e-01
7.096500000000000000e+04 9.557426571846008301e-01
7.106000000000000000e+04 9.558003544807434082e-01
7.115500000000000000e+04 9.557862281799316406e-01
7.125000000000000000e+04 9.557712078094482422e-01
7.134500000000000000e+04 9.557380676269531250e-01
7.144000000000000000e+04 9.553604722023010254e-01
7.153500000000000000e+04 9.554941058158874512e-01
7.163000000000000000e+04 9.554877877235412598e-01
7.172500000000000000e+04 9.553469419479370117e-01
7.182000000000000000e+04 9.552291035652160645e-01
7.191500000000000000e+04 9.551914334297180176e-01
7.201000000000000000e+04 9.548552632331848145e-01
7.210500000000000000e+04 9.545930027961730957e-01
7.220000000000000000e+04 9.545310139656066895e-01
7.229500000000000000e+04 9.544686675071716309e-01
7.239000000000000000e+04 9.543948769569396973e-01
7.248500000000000000e+04 9.541375637054443359e-01
7.258000000000000000e+04 9.539448022842407227e-01
7.267500000000000000e+04 9.538870453834533691e-01
7.277000000000000000e+04 9.535331130027770996e-01
7.286500000000000000e+04 9.532613158226013184e-01
7.296000000000000000e+04 9.530649781227111816e-01
7.305500000000000000e+04 9.529780745506286621e-01
7.315000000000000000e+04 9.530918002128601074e-01
7.324500000000000000e+04 9.527110457420349121e-01
7.334000000000000000e+04 9.525715112686157227e-01
7.343500000000000000e+04 9.522726535797119141e-01
7.353000000000000000e+04 9.520644545555114746e-01
7.362500000000000000e+04 9.520628452301025391e-01
7.372000000000000000e+04 9.519372582435607910e-01
7.381500000000000000e+04 9.516258239746093750e-01
7.391000000000000000e+04 9.518024325370788574e-01
7.400500000000000000e+04 9.514786601066589355e-01
7.410000000000000000e+04 9.513069391250610352e-01
7.419500000000000000e+04 9.510819315910339355e-01
7.429000000000000000e+04 9.506365060806274414e-01
7.438500000000000000e+04 9.505531191825866699e-01
7.448000000000000000e+04 9.502645730972290039e-01
7.457500000000000000e+04 9.504499435424804688e-01
7.467000000000000000e+04 9.501289725303649902e-01
7.476500000000000000e+04 9.497675299644470215e-01
7.486000000000000000e+04 9.494681954383850098e-01
7.495500000000000000e+04 9.494549632072448730e-01
7.505000000000000000e+04 9.495197534561157227e-01
7.514500000000000000e+04 9.492395520210266113e-01
7.524000000000000000e+04 9.488701820373535156e-01
7.533500000000000000e+04 9.489114880561828613e-01
7.543000000000000000e+04 9.487833380699157715e-01
7.552500000000000000e+04 9.488728642463684082e-01
7.562000000000000000e+04 9.486641287803649902e-01
7.571500000000000000e+04 9.483435750007629395e-01
7.581000000000000000e+04 9.480859637260437012e-01
7.590500000000000000e+04 9.479169249534606934e-01
7.600000000000000000e+04 9.479123353958129883e-01
7.609500000000000000e+04 9.479908347129821777e-01
7.619000000000000000e+04 9.477905035018920898e-01
7.628500000000000000e+04 9.477024674415588379e-01
7.638000000000000000e+04 9.476867318153381348e-01
7.647500000000000000e+04 9.477352499961853027e-01
7.657000000000000000e+04 9.472141861915588379e-01
7.666500000000000000e+04 9.469388723373413086e-01
7.676000000000000000e+04 9.466110467910766602e-01
7.685500000000000000e+04 9.466408491134643555e-01
7.695000000000000000e+04 9.464059472084045410e-01
7.704500000000000000e+04 9.464386701583862305e-01
7.714000000000000000e+04 9.465504288673400879e-01
7.723500000000000000e+04 9.463150501251220703e-01
7.733000000000000000e+04 9.459671378135681152e-01
7.742500000000000000e+04 9.456956386566162109e-01
7.752000000000000000e+04 9.454970359802246094e-01
7.761500000000000000e+04 9.453190565109252930e-01
7.771000000000000000e+04 9.451692104339599609e-01
7.780500000000000000e+04 9.452152848243713379e-01
7.790000000000000000e+04 9.449930191040039062e-01
7.799500000000000000e+04 9.447279572486877441e-01
7.809000000000000000e+04 9.447442293167114258e-01
7.818500000000000000e+04 9.448318481445312500e-01
7.828000000000000000e+04 9.444667100906372070e-01
7.837500000000000000e+04 9.443861842155456543e-01
7.847000000000000000e+04 9.442388415336608887e-01
7.856500000000000000e+04 9.444311857223510742e-01
7.866000000000000000e+04 9.441574811935424805e-01
7.875500000000000000e+04 9.437869191169738770e-01
7.885000000000000000e+04 9.435010552406311035e-01
7.894500000000000000e+04 9.437137246131896973e-01
7.904000000000000000e+04 9.436581134796142578e-01
7.913500000000000000e+04 9.433082342147827148e-01
7.923000000000000000e+04 9.434376955032348633e-01
7.932500000000000000e+04 9.432683587074279785e-01
7.942000000000000000e+04 9.431352615356445312e-01
7.951500000000000000e+04 9.431798458099365234e-01
7.961000000000000000e+04 9.433795213699340820e-01
7.970500000000000000e+04 9.431648254394531250e-01
7.980000000000000000e+04 9.428918361663818359e-01
7.989500000000000000e+04 9.430114626884460449e-01
7.999000000000000000e+04 9.428240060806274414e-01
8.008500000000000000e+04 9.427286982536315918e-01
8.018000000000000000e+04 9.427374601364135742e-01
8.027500000000000000e+04 9.428496956825256348e-01
8.037000000000000000e+04 9.422543048858642578e-01
8.046500000000000000e+04 9.420931935310363770e-01
8.056000000000000000e+04 9.421421885490417480e-01
8.065500000000000000e+04 9.420659542083740234e-01
8.075000000000000000e+04 9.422959089279174805e-01
8.084500000000000000e+04 9.419999718666076660e-01
8.094000000000000000e+04 9.418852925300598145e-01
8.103500000000000000e+04 9.420157074928283691e-01
8.113000000000000000e+04 9.416826367378234863e-01
8.122500000000000000e+04 9.415708780288696289e-01
8.132000000000000000e+04 9.412014484405517578e-01
8.141500000000000000e+04 9.409030675888061523e-01
8.151000000000000000e+04 9.410452842712402344e-01
8.160500000000000000e+04 9.408377408981323242e-01
8.170000000000000000e+04 9.408164620399475098e-01
8.179500000000000000e+04 9.405078291893005371e-01
8.189000000000000000e+04 9.408819079399108887e-01
8.198500000000000000e+04 9.403236508369445801e-01
8.208000000000000000e+04 9.403849244117736816e-01
8.217500000000000000e+04 9.398490190505981445e-01
8.227000000000000000e+04 9.396957159042358398e-01
8.236500000000000000e+04 9.399396777153015137e-01
8.246000000000000000e+04 9.395576715469360352e-01
8.255500000000000000e+04 9.393031597137451172e-01
8.265000000000000000e+04 9.388458728790283203e-01
8.274500000000000000e+04 9.387767910957336426e-01
8.284000000000000000e+04 9.388242363929748535e-01
8.293500000000000000e+04 9.385926127433776855e-01
8.303000000000000000e+04 9.385469555854797363e-01
8.312500000000000000e+04 9.385824203491210938e-01
8.322000000000000000e+04 9.382401108741760254e-01
8.331500000000000000e+04 9.383283853530883789e-01
8.341000000000000000e+04 9.383576512336730957e-01
8.350500000000000000e+04 9.383545517921447754e-01
8.360000000000000000e+04 9.383689165115356445e-01
8.369500000000000000e+04 9.380687475204467773e-01
8.379000000000000000e+04 9.380051493644714355e-01
8.388500000000000000e+04 9.378186464309692383e-01
8.398000000000000000e+04 9.376934170722961426e-01
8.407500000000000000e+04 9.375751018524169922e-01
8.417000000000000000e+04 9.374647736549377441e-01
8.426500000000000000e+04 9.375094771385192871e-01
8.436000000000000000e+04 9.375883340835571289e-01
8.445500000000000000e+04 9.372898340225219727e-01
8.455000000000000000e+04 9.368851184844970703e-01
8.464500000000000000e+04 9.366707205772399902e-01
8.474000000000000000e+04 9.365770816802978516e-01
8.483500000000000000e+04 9.369351267814636230e-01
8.493000000000000000e+04 9.366481900215148926e-01
8.502500000000000000e+04 9.362851381301879883e-01
8.512000000000000000e+04 9.361414909362792969e-01
8.521500000000000000e+04 9.359806776046752930e-01
8.531000000000000000e+04 9.358181357383728027e-01
8.540500000000000000e+04 9.355146884918212891e-01
8.550000000000000000e+04 9.357126355171203613e-01
8.559500000000000000e+04 9.358704090118408203e-01
8.569000000000000000e+04 9.359373450279235840e-01
8.578500000000000000e+04 9.359550476074218750e-01
8.588000000000000000e+04 9.357531070709228516e-01
8.597500000000000000e+04 9.357873797416687012e-01
8.607000000000000000e+04 9.359602332115173340e-01
8.616500000000000000e+04 9.359073638916015625e-01
8.626000000000000000e+04 9.359264373779296875e-01
8.635500000000000000e+04 9.357818961143493652e-01
8.645000000000000000e+04 9.356856346130371094e-01
8.654500000000000000e+04 9.357364773750305176e-01
8.664000000000000000e+04 9.353166222572326660e-01
8.673500000000000000e+04 9.354727268218994141e-01
8.683000000000000000e+04 9.354073405265808105e-01
8.692500000000000000e+04 9.353332519531250000e-01
8.702000000000000000e+04 9.353781342506408691e-01
8.711500000000000000e+04 9.355217218399047852e-01
8.721000000000000000e+04 9.356684088706970215e-01
8.730500000000000000e+04 9.353914856910705566e-01
8.740000000000000000e+04 9.351230859756469727e-01
8.749500000000000000e+04 9.348737597465515137e-01
8.759000000000000000e+04 9.344081878662109375e-01
8.768500000000000000e+04 9.343409538269042969e-01
8.778000000000000000e+04 9.343091249465942383e-01
8.787500000000000000e+04 9.341615438461303711e-01
8.797000000000000000e+04 9.346137642860412598e-01
8.806500000000000000e+04 9.343405365943908691e-01
8.816000000000000000e+04 9.345370531082153320e-01
8.825500000000000000e+04 9.344682097434997559e-01
8.835000000000000000e+04 9.344720840454101562e-01
8.844500000000000000e+04 9.343442320823669434e-01
8.854000000000000000e+04 9.343630075454711914e-01
8.863500000000000000e+04 9.341167807579040527e-01
8.873000000000000000e+04 9.338217973709106445e-01
8.882500000000000000e+04 9.337609410285949707e-01
8.892000000000000000e+04 9.338290095329284668e-01
8.901500000000000000e+04 9.340987205505371094e-01
8.911000000000000000e+04 9.338286519050598145e-01
8.920500000000000000e+04 9.338168501853942871e-01
8.930000000000000000e+04 9.336810111999511719e-01
8.939500000000000000e+04 9.336062669754028320e-01
8.949000000000000000e+04 9.336014389991760254e-01
8.958500000000000000e+04 9.338024854660034180e-01
8.968000000000000000e+04 9.337965250015258789e-01
8.977500000000000000e+04 9.339886903762817383e-01
8.987000000000000000e+04 9.339824318885803223e-01
8.996500000000000000e+04 9.338821172714233398e-01
9.006000000000000000e+04 9.338275790214538574e-01
9.015500000000000000e+04 9.338824748992919922e-01
9.025000000000000000e+04 9.335583448410034180e-01
9.034500000000000000e+04 9.334672093391418457e-01
9.044000000000000000e+04 9.333915114402770996e-01
9.053500000000000000e+04 9.332856535911560059e-01
9.063000000000000000e+04 9.331685304641723633e-01
9.072500000000000000e+04 9.331211447715759277e-01
9.082000000000000000e+04 9.334567189216613770e-01
9.091500000000000000e+04 9.331089258193969727e-01
9.101000000000000000e+04 9.329876899719238281e-01
9.110500000000000000e+04 9.331332445144653320e-01
9.120000000000000000e+04 9.330291748046875000e-01
9.129500000000000000e+04 9.327164292335510254e-01
9.139000000000000000e+04 9.321406483650207520e-01
9.148500000000000000e+04 9.318697452545166016e-01
9.158000000000000000e+04 9.318243861198425293e-01
9.167500000000000000e+04 9.318726658821105957e-01
9.177000000000000000e+04 9.321084618568420410e-01
9.186500000000000000e+04 9.321022629737854004e-01
9.196000000000000000e+04 9.318987131118774414e-01
9.205500000000000000e+04 9.318041801452636719e-01
9.215000000000000000e+04 9.316186308860778809e-01
9.224500000000000000e+04 9.313808679580688477e-01
9.234000000000000000e+04 9.312403202056884766e-01
9.243500000000000000e+04 9.312830567359924316e-01
9.253000000000000000e+04 9.312649369239807129e-01
9.262500000000000000e+04 9.311556220054626465e-01
9.272000000000000000e+04 9.309815168380737305e-01
9.281500000000000000e+04 9.310204982757568359e-01
9.291000000000000000e+04 9.311842322349548340e-01
9.300500000000000000e+04 9.310538768768310547e-01
9.310000000000000000e+04 9.308884739875793457e-01
9.319500000000000000e+04 9.307081103324890137e-01
9.329000000000000000e+04 9.308380484580993652e-01
9.338500000000000000e+04 9.305852651596069336e-01
9.348000000000000000e+04 9.303871393203735352e-01
9.357500000000000000e+04 9.301978349685668945e-01
9.367000000000000000e+04 9.304427504539489746e-01
9.376500000000000000e+04 9.300550222396850586e-01
9.386000000000000000e+04 9.302452802658081055e-01
9.395500000000000000e+04 9.302554130554199219e-01
9.405000000000000000e+04 9.306303858757019043e-01
9.414500000000000000e+04 9.307093024253845215e-01
9.424000000000000000e+04 9.305866956710815430e-01
9.433500000000000000e+04 9.303651452064514160e-01
9.443000000000000000e+04 9.301297068595886230e-01
9.452500000000000000e+04 9.299278855323791504e-01
9.462000000000000000e+04 9.298989772796630859e-01
9.471500000000000000e+04 9.297834038734436035e-01
9.481000000000000000e+04 9.296226501464843750e-01
9.490500000000000000e+04 9.293794035911560059e-01
9.500000000000000000e+04 9.290858507156372070e-01
9.509500000000000000e+04 9.291536808013916016e-01
9.519000000000000000e+04 9.289859533309936523e-01
9.528500000000000000e+04 9.287741184234619141e-01
9.538000000000000000e+04 9.287650585174560547e-01
9.547500000000000000e+04 9.286593794822692871e-01
9.557000000000000000e+04 9.285008311271667480e-01
9.566500000000000000e+04 9.281380176544189453e-01
9.576000000000000000e+04 9.280780553817749023e-01
9.585500000000000000e+04 9.279929399490356445e-01
9.595000000000000000e+04 9.279582500457763672e-01
9.604500000000000000e+04 9.279842972755432129e-01
9.614000000000000000e+04 9.279972314834594727e-01
9.623500000000000000e+04 9.282133579254150391e-01
9.633000000000000000e+04 9.281058311462402344e-01
9.642500000000000000e+04 9.283426403999328613e-01
9.652000000000000000e+04 9.284462928771972656e-01
9.661500000000000000e+04 9.286405444145202637e-01
9.671000000000000000e+04 9.287441968917846680e-01
9.680500000000000000e+04 9.286109805107116699e-01
9.690000000000000000e+04 9.283156991004943848e-01
9.699500000000000000e+04 9.283498525619506836e-01
9.709000000000000000e+04 9.280088543891906738e-01
9.718500000000000000e+04 9.280449151992797852e-01
9.728000000000000000e+04 9.279896616935729980e-01
9.737500000000000000e+04 9.282805323600769043e-01
9.747000000000000000e+04 9.282429814338684082e-01
9.756500000000000000e+04 9.282693862915039062e-01
9.766000000000000000e+04 9.280261993408203125e-01
9.775500000000000000e+04 9.276041984558105469e-01
9.785000000000000000e+04 9.271619319915771484e-01
9.794500000000000000e+04 9.269134402275085449e-01
9.804000000000000000e+04 9.268342852592468262e-01
9.813500000000000000e+04 9.264601469039916992e-01
9.823000000000000000e+04 9.263685941696166992e-01
9.832500000000000000e+04 9.263007640838623047e-01
9.842000000000000000e+04 9.262874722480773926e-01
9.851500000000000000e+04 9.262341856956481934e-01
9.861000000000000000e+04 9.260095953941345215e-01
9.870500000000000000e+04 9.258977174758911133e-01
9.880000000000000000e+04 9.261976480484008789e-01
9.889500000000000000e+04 9.264078736305236816e-01
9.899000000000000000e+04 9.264453649520874023e-01
9.908500000000000000e+04 9.261952042579650879e-01
9.918000000000000000e+04 9.262815713882446289e-01
9.927500000000000000e+04 9.263651967048645020e-01
9.937000000000000000e+04 9.261977672576904297e-01
9.946500000000000000e+04 9.262102246284484863e-01
9.956000000000000000e+04 9.261479377746582031e-01
9.965500000000000000e+04 9.261198639869689941e-01
9.975000000000000000e+04 9.258701205253601074e-01
9.984500000000000000e+04 9.257797598838806152e-01
9.994000000000000000e+04 9.255824685096740723e-01
1.000350000000000000e+05 9.256640672683715820e-01
1.001300000000000000e+05 9.254635572433471680e-01
1.002250000000000000e+05 9.254186749458312988e-01
1.003200000000000000e+05 9.256034493446350098e-01
1.004150000000000000e+05 9.254587888717651367e-01
1.005100000000000000e+05 9.255010485649108887e-01
1.006050000000000000e+05 9.251952171325683594e-01
1.007000000000000000e+05 9.250849485397338867e-01
1.007950000000000000e+05 9.249365925788879395e-01
1.008900000000000000e+05 9.245671629905700684e-01
1.009850000000000000e+05 9.245463013648986816e-01
1.010800000000000000e+05 9.245895743370056152e-01
1.011750000000000000e+05 9.246373772621154785e-01
1.012700000000000000e+05 9.244279265403747559e-01
1.013650000000000000e+05 9.245199561119079590e-01
1.014600000000000000e+05 9.245198369026184082e-01
1.015550000000000000e+05 9.243195652961730957e-01
1.016500000000000000e+05 9.241800904273986816e-01
1.017450000000000000e+05 9.244754910469055176e-01
1.018400000000000000e+05 9.245629310607910156e-01
1.019350000000000000e+05 9.245579838752746582e-01
1.020300000000000000e+05 9.245726466178894043e-01
1.021250000000000000e+05 9.247223734855651855e-01
1.022200000000000000e+05 9.247954487800598145e-01
1.023150000000000000e+05 9.249964952468872070e-01
1.024100000000000000e+05 9.248920679092407227e-01
1.025050000000000000e+05 9.247220158576965332e-01
1.026000000000000000e+05 9.246231317520141602e-01
1.026950000000000000e+05 9.246569871902465820e-01
1.027900000000000000e+05 9.244624972343444824e-01
1.028850000000000000e+05 9.242019057273864746e-01
1.029800000000000000e+05 9.242407083511352539e-01
1.030750000000000000e+05 9.242102503776550293e-01
1.031700000000000000e+05 9.240948557853698730e-01
1.032650000000000000e+05 9.239823818206787109e-01
1.033600000000000000e+05 9.241002798080444336e-01
1.034550000000000000e+05 9.237825870513916016e-01
1.035500000000000000e+05 9.236299991607666016e-01
1.036450000000000000e+05 9.235894083976745605e-01
1.037400000000000000e+05 9.235037565231323242e-01
1.038350000000000000e+05 9.235221147537231445e-01
1.039300000000000000e+05 9.236850738525390625e-01
1.040250000000000000e+05 9.236634969711303711e-01
1.041200000000000000e+05 9.239364266395568848e-01
1.042150000000000000e+05 9.238070845603942871e-01
1.043100000000000000e+05 9.242652654647827148e-01
1.044050000000000000e+05 9.241726398468017578e-01
1.045000000000000000e+05 9.242225289344787598e-01
1.045950000000000000e+05 9.244963526725769043e-01
1.046900000000000000e+05 9.241946339607238770e-01
1.047850000000000000e+05 9.240869879722595215e-01
1.048800000000000000e+05 9.239425063133239746e-01
1.049750000000000000e+05 9.238559007644653320e-01
1.050700000000000000e+05 9.236790537834167480e-01
1.051650000000000000e+05 9.235363006591796875e-01
1.052600000000000000e+05 9.232606887817382812e-01
1.053550000000000000e+05 9.229819774627685547e-01
1.054500000000000000e+05 9.227167367935180664e-01
1.055450000000000000e+05 9.224945902824401855e-01
1.056400000000000000e+05 9.222841858863830566e-01
1.057350000000000000e+05 9.221677184104919434e-01
1.058300000000000000e+05 9.222676157951354980e-01
1.059250000000000000e+05 9.222253561019897461e-01
1.060200000000000000e+05 9.223024845123291016e-01
1.061150000000000000e+05 9.222020506858825684e-01
1.062100000000000000e+05 9.222367405891418457e-01
1.063050000000000000e+05 9.217129945755004883e-01
1.064000000000000000e+05 9.216688275337219238e-01
1.064950000000000000e+05 9.212398529052734375e-01
1.065900000000000000e+05 9.211927056312561035e-01
1.066850000000000000e+05 9.215065240859985352e-01
1.067800000000000000e+05 9.215443134307861328e-01
1.068750000000000000e+05 9.216567873954772949e-01
1.069700000000000000e+05 9.216814637184143066e-01
1.070650000000000000e+05 9.215450882911682129e-01
1.071600000000000000e+05 9.216453433036804199e-01
1.072550000000000000e+05 9.215885400772094727e-01
1.073500000000000000e+05 9.218139052391052246e-01
1.074450000000000000e+05 9.218038916587829590e-01
1.075400000000000000e+05 9.218289852142333984e-01
1.076350000000000000e+05 9.217952489852905273e-01
1.077300000000000000e+05 9.218515753746032715e-01
1.078250000000000000e+05 9.218500256538391113e-01
1.079200000000000000e+05 9.218285679817199707e-01
1.080150000000000000e+05 9.219221472740173340e-01
1.081100000000000000e+05 9.220229983329772949e-01
1.082050000000000000e+05 9.217694401741027832e-01
1.083000000000000000e+05 9.215307831764221191e-01
1.083950000000000000e+05 9.215257167816162109e-01
1.084900000000000000e+05 9.214518666267395020e-01
1.085850000000000000e+05 9.213905334472656250e-01
1.086800000000000000e+05 9.213608503341674805e-01
1.087750000000000000e+05 9.216213226318359375e-01
1.088700000000000000e+05 9.214550852775573730e-01
1.089650000000000000e+05 9.214185476303100586e-01
1.090600000000000000e+05 9.214231967926025391e-01
1.091550000000000000e+05 9.214543104171752930e-01
1.092500000000000000e+05 9.214566349983215332e-01
1.093450000000000000e+05 9.213138818740844727e-01
1.094400000000000000e+05 9.215293526649475098e-01
1.095350000000000000e+05 9.217094779014587402e-01
1.096300000000000000e+05 9.216900467872619629e-01
1.097250000000000000e+05 9.215980768203735352e-01
1.098200000000000000e+05 9.214151501655578613e-01
1.099150000000000000e+05 9.212188720703125000e-01
1.100100000000000000e+05 9.212527871131896973e-01
1.101050000000000000e+05 9.211353659629821777e-01
1.102000000000000000e+05 9.210992455482482910e-01
1.102950000000000000e+05 9.209920167922973633e-01
1.103900000000000000e+05 9.208350777626037598e-01
1.104850000000000000e+05 9.208121299743652344e-01
1.105800000000000000e+05 9.209150671958923340e-01
1.106750000000000000e+05 9.207474589347839355e-01
1.107700000000000000e+05 9.209986329078674316e-01
1.108650000000000000e+05 9.210678935050964355e-01
1.109600000000000000e+05 9.210058450698852539e-01
1.110550000000000000e+05 9.213286638259887695e-01
1.111500000000000000e+05 9.210987091064453125e-01
1.112450000000000000e+05 9.208154678344726562e-01
1.113400000000000000e+05 9.206489920616149902e-01
1.114350000000000000e+05 9.200287461280822754e-01
1.115300000000000000e+05 9.200447797775268555e-01
1.116250000000000000e+05 9.199965596199035645e-01
1.117200000000000000e+05 9.199046492576599121e-01
1.118150000000000000e+05 9.197548627853393555e-01
1.119100000000000000e+05 9.195297956466674805e-01
1.120050000000000000e+05 9.194625020027160645e-01
1.121000000000000000e+05 9.192907810211181641e-01
1.121950000000000000e+05 9.193004369735717773e-01
1.122900000000000000e+05 9.192374944686889648e-01
1.123850000000000000e+05 9.189740419387817383e-01
1.124800000000000000e+05 9.189640879631042480e-01
1.125750000000000000e+05 9.190897345542907715e-01
1.126700000000000000e+05 9.190773963928222656e-01
1.127650000000000000e+05 9.192561507225036621e-01
1.128600000000000000e+05 9.191278219223022461e-01
1.129550000000000000e+05 9.191603660583496094e-01
1.130500000000000000e+05 9.192126393318176270e-01
1.131450000000000000e+05 9.189161062240600586e-01
1.132400000000000000e+05 9.187372326850891113e-01
1.133350000000000000e+05 9.188550114631652832e-01
1.134300000000000000e+05 9.190465211868286133e-01
1.135250000000000000e+05 9.190949201583862305e-01
1.136200000000000000e+05 9.191223978996276855e-01
1.137150000000000000e+05 9.190175533294677734e-01
1.138100000000000000e+05 9.191139340400695801e-01
1.139050000000000000e+05 9.192056059837341309e-01
1.140000000000000000e+05 9.192230105400085449e-01
1.140950000000000000e+05 9.192317128181457520e-01
1.141900000000000000e+05 9.194050431251525879e-01
1.142850000000000000e+05 9.191840291023254395e-01
1.143800000000000000e+05 9.190058112144470215e-01
1.144750000000000000e+05 9.189699888229370117e-01
1.145700000000000000e+05 9.188921451568603516e-01
1.146650000000000000e+05 9.189638495445251465e-01
1.147600000000000000e+05 9.190461635589599609e-01
1.148550000000000000e+05 9.188936948776245117e-01
1.149500000000000000e+05 9.189025163650512695e-01
1.150450000000000000e+05 9.188484549522399902e-01
1.151400000000000000e+05 9.187035560607910156e-01
1.152350000000000000e+05 9.185879230499267578e-01
1.153300000000000000e+05 9.187443256378173828e-01
1.154250000000000000e+05 9.188025593757629395e-01
1.155200000000000000e+05 9.188239574432373047e-01
1.156150000000000000e+05 9.187064766883850098e-01
1.157100000000000000e+05 9.187638759613037109e-01
1.158050000000000000e+05 9.187412261962890625e-01
1.159000000000000000e+05 9.186108112335205078e-01
1.159950000000000000e+05 9.186177849769592285e-01
1.160900000000000000e+05 9.185808897018432617e-01
1.161850000000000000e+05 9.183148741722106934e-01
1.162800000000000000e+05 9.183929562568664551e-01
1.163750000000000000e+05 9.185330271720886230e-01
1.164700000000000000e+05 9.185416102409362793e-01
1.165650000000000000e+05 9.184656739234924316e-01
1.166600000000000000e+05 9.184156656265258789e-01
1.167550000000000000e+05 9.186359643936157227e-01
1.168500000000000000e+05 9.185773134231567383e-01
1.169450000000000000e+05 9.183235764503479004e-01
1.170400000000000000e+05 9.181612133979797363e-01
1.171350000000000000e+05 9.182727336883544922e-01
1.172300000000000000e+05 9.182463288307189941e-01
1.173250000000000000e+05 9.183466434478759766e-01
1.174200000000000000e+05 9.186039566993713379e-01
1.175150000000000000e+05 9.187588691711425781e-01
1.176100000000000000e+05 9.188128113746643066e-01
1.177050000000000000e+05 9.187043905258178711e-01
1.178000000000000000e+05 9.187234640121459961e-01
1.178950000000000000e+05 9.188299179077148438e-01
1.179900000000000000e+05 9.187484979629516602e-01
1.180850000000000000e+05 9.184930920600891113e-01
1.181800000000000000e+05 9.183390736579895020e-01
1.182750000000000000e+05 9.183750152587890625e-01
1.183700000000000000e+05 9.178975224494934082e-01
1.184650000000000000e+05 9.178526401519775391e-01
1.185600000000000000e+05 9.177878499031066895e-01
1.186550000000000000e+05 9.178208708763122559e-01
1.187500000000000000e+05 9.177934527397155762e-01
1.188450000000000000e+05 9.177973866462707520e-01
1.189400000000000000e+05 9.177138805389404297e-01
1.190350000000000000e+05 9.175783395767211914e-01
1.191300000000000000e+05 9.173329472541809082e-01
1.192250000000000000e+05 9.176014065742492676e-01
1.193200000000000000e+05 9.176043868064880371e-01
1.194150000000000000e+05 9.177139997482299805e-01
1.195100000000000000e+05 9.173833131790161133e-01
1.196050000000000000e+05 9.171212911605834961e-01
1.197000000000000000e+05 9.172556400299072266e-01
1.197950000000000000e+05 9.174337387084960938e-01
1.198900000000000000e+05 9.174700975418090820e-01
1.199850000000000000e+05 9.176243543624877930e-01
1.200800000000000000e+05 9.179527759552001953e-01
1.201750000000000000e+05 9.180108308792114258e-01
1.202700000000000000e+05 9.180538654327392578e-01
1.203650000000000000e+05 9.182815551757812500e-01
1.204600000000000000e+05 9.184942841529846191e-01
1.205550000000000000e+05 9.182702898979187012e-01
1.206500000000000000e+05 9.182586073875427246e-01
1.207450000000000000e+05 9.180779457092285156e-01
1.208400000000000000e+05 9.179675579071044922e-01
1.209350000000000000e+05 9.175607562065124512e-01
1.210300000000000000e+05 9.175373911857604980e-01
1.211250000000000000e+05 9.175174236297607422e-01
1.212200000000000000e+05 9.177045226097106934e-01
1.213150000000000000e+05 9.179689288139343262e-01
1.214100000000000000e+05 9.178033471107482910e-01
1.215050000000000000e+05 9.179162979125976562e-01
1.216000000000000000e+05 9.180875420570373535e-01
1.216950000000000000e+05 9.182812571525573730e-01
1.217900000000000000e+05 9.183101654052734375e-01
1.218850000000000000e+05 9.182504415512084961e-01
1.219800000000000000e+05 9.183545112609863281e-01
1.220750000000000000e+05 9.186749458312988281e-01
1.221700000000000000e+05 9.185582399368286133e-01
1.222650000000000000e+05 9.185816645622253418e-01
1.223600000000000000e+05 9.186412096023559570e-01
1.224550000000000000e+05 9.187311530113220215e-01
1.225500000000000000e+05 9.187731146812438965e-01
1.226450000000000000e+05 9.185718894004821777e-01
1.227400000000000000e+05 9.184794425964355469e-01
1.228350000000000000e+05 9.188541769981384277e-01
1.229300000000000000e+05 9.189960360527038574e-01
1.230250000000000000e+05 9.190744757652282715e-01
1.231200000000000000e+05 9.189006686210632324e-01
1.232150000000000000e+05 9.188704490661621094e-01
1.233100000000000000e+05 9.187461733818054199e-01
1.234050000000000000e+05 9.185606837272644043e-01
1.235000000000000000e+05 9.182923436164855957e-01
1.235950000000000000e+05 9.179658889770507812e-01
1.236900000000000000e+05 9.178619384765625000e-01
1.237850000000000000e+05 9.177561402320861816e-01
1.238800000000000000e+05 9.178052544593811035e-01
1.239750000000000000e+05 9.175801277160644531e-01
1.240700000000000000e+05 9.174740910530090332e-01
1.241650000000000000e+05 9.175432920455932617e-01
1.242600000000000000e+05 9.175352454185485840e-01
1.243550000000000000e+05 9.178926944732666016e-01
1.244500000000000000e+05 9.175008535385131836e-01
1.245450000000000000e+05 9.175716638565063477e-01
1.246400000000000000e+05 9.178000688552856445e-01
1.247350000000000000e+05 9.180951714515686035e-01
1.248300000000000000e+05 9.184973835945129395e-01
1.249250000000000000e+05 9.181821942329406738e-01
