0.000000000000000000e+00 9.984771609306335449e-01
9.500000000000000000e+01 9.996802806854248047e-01
1.900000000000000000e+02 9.986144304275512695e-01
2.850000000000000000e+02 9.962987899780273438e-01
3.800000000000000000e+02 9.932686686515808105e-01
4.750000000000000000e+02 9.921627044677734375e-01
5.700000000000000000e+02 9.926052689552307129e-01
6.650000000000000000e+02 9.932042360305786133e-01
7.600000000000000000e+02 9.936992526054382324e-01
8.550000000000000000e+02 9.941677451133728027e-01
9.500000000000000000e+02 9.932861328125000000e-01
1.045000000000000000e+03 9.947365522384643555e-01
1.140000000000000000e+03 9.957287311553955078e-01
1.235000000000000000e+03 9.965786933898925781e-01
1.330000000000000000e+03 9.972688555717468262e-01
1.425000000000000000e+03 9.977569580078125000e-01
1.520000000000000000e+03 9.982427954673767090e-01
1.615000000000000000e+03 9.986852407455444336e-01
1.710000000000000000e+03 9.989627599716186523e-01
1.805000000000000000e+03 9.991306662559509277e-01
1.900000000000000000e+03 9.991198182106018066e-01
1.995000000000000000e+03 9.991306662559509277e-01
2.090000000000000000e+03 9.989953041076660156e-01
2.185000000000000000e+03 9.986539483070373535e-01
2.280000000000000000e+03 9.981034994125366211e-01
2.375000000000000000e+03 9.973539710044860840e-01
2.470000000000000000e+03 9.964216947555541992e-01
2.565000000000000000e+03 9.953237175941467285e-01
2.660000000000000000e+03 9.940751194953918457e-01
2.755000000000000000e+03 9.926794767379760742e-01
2.850000000000000000e+03 9.911418557167053223e-01
2.945000000000000000e+03 9.894675016403198242e-01
3.040000000000000000e+03 9.876512885093688965e-01
3.135000000000000000e+03 9.857066869735717773e-01
3.230000000000000000e+03 9.836507439613342285e-01
3.325000000000000000e+03 9.814911484718322754e-01
3.420000000000000000e+03 9.792486429214477539e-01
3.515000000000000000e+03 9.769369363784790039e-01
3.610000000000000000e+03 9.745849370956420898e-01
3.705000000000000000e+03 9.721999764442443848e-01
3.800000000000000000e+03 9.698303937911987305e-01
3.895000000000000000e+03 9.674909114837646484e-01
3.990000000000000000e+03 9.652166366577148438e-01
4.085000000000000000e+03 9.630236029624938965e-01
4.180000000000000000e+03 9.609650969505310059e-01
4.275000000000000000e+03 9.590292572975158691e-01
4.370000000000000000e+03 9.572715163230895996e-01
4.465000000000000000e+03 9.556863903999328613e-01
4.560000000000000000e+03 9.542928934097290039e-01
4.655000000000000000e+03 9.530798196792602539e-01
4.750000000000000000e+03 9.520179629325866699e-01
4.845000000000000000e+03 9.511221051216125488e-01
4.940000000000000000e+03 9.503753185272216797e-01
5.035000000000000000e+03 9.497812986373901367e-01
5.130000000000000000e+03 9.493005275726318359e-01
5.225000000000000000e+03 9.489515423774719238e-01
5.320000000000000000e+03 9.487027525901794434e-01
5.415000000000000000e+03 9.485208988189697266e-01
5.510000000000000000e+03 9.484282135963439941e-01
5.605000000000000000e+03 9.484052062034606934e-01
5.700000000000000000e+03 9.484183192253112793e-01
5.795000000000000000e+03 9.485176205635070801e-01
5.890000000000000000e+03 9.486964344978332520e-01
5.985000000000000000e+03 9.489247202873229980e-01
6.080000000000000000e+03 9.491997361183166504e-01
6.175000000000000000e+03 9.495258927345275879e-01
6.270000000000000000e+03 9.498833417892456055e-01
6.365000000000000000e+03 9.503129124641418457e-01
6.460000000000000000e+03 9.507517218589782715e-01
6.555000000000000000e+03 9.512214660644531250e-01
6.650000000000000000e+03 9.517008066177368164e-01
6.745000000000000000e+03 9.522152543067932129e-01
6.840000000000000000e+03 9.527292251586914062e-01
6.935000000000000000e+03 9.532120227813720703e-01
7.030000000000000000e+03 9.536205530166625977e-01
7.125000000000000000e+03 9.539349675178527832e-01
7.220000000000000000e+03 9.540964961051940918e-01
7.315000000000000000e+03 9.541149735450744629e-01
7.410000000000000000e+03 9.539569020271301270e-01
7.505000000000000000e+03 9.536101222038269043e-01
7.600000000000000000e+03 9.531413316726684570e-01
7.695000000000000000e+03 9.526253342628479004e-01
7.790000000000000000e+03 9.521790742874145508e-01
7.885000000000000000e+03 9.519093036651611328e-01
7.980000000000000000e+03 9.518920779228210449e-01
8.075000000000000000e+03 9.521265029907226562e-01
8.170000000000000000e+03 9.525918960571289062e-01
8.265000000000000000e+03 9.532296657562255859e-01
8.360000000000000000e+03 9.539734125137329102e-01
8.455000000000000000e+03 9.547636508941650391e-01
8.550000000000000000e+03 9.555346369743347168e-01
8.645000000000000000e+03 9.562602043151855469e-01
8.740000000000000000e+03 9.568796753883361816e-01
8.835000000000000000e+03 9.573808908462524414e-01
8.930000000000000000e+03 9.577741622924804688e-01
9.025000000000000000e+03 9.580447673797607422e-01
9.120000000000000000e+03 9.582395553588867188e-01
9.215000000000000000e+03 9.583672285079956055e-01
9.310000000000000000e+03 9.586760997772216797e-01
9.405000000000000000e+03 9.588583707809448242e-01
9.500000000000000000e+03 9.588645100593566895e-01
9.595000000000000000e+03 9.589275717735290527e-01
9.690000000000000000e+03 9.593172073364257812e-01
9.785000000000000000e+03 9.593666791915893555e-01
9.880000000000000000e+03 9.593369364738464355e-01
9.975000000000000000e+03 9.594779610633850098e-01
1.007000000000000000e+04 9.595022201538085938e-01
1.016500000000000000e+04 9.596951603889465332e-01
1.026000000000000000e+04 9.602054357528686523e-01
1.035500000000000000e+04 9.635154008865356445e-01
1.045000000000000000e+04 9.683027863502502441e-01
1.054500000000000000e+04 9.662863612174987793e-01
1.064000000000000000e+04 9.650136828422546387e-01
1.073500000000000000e+04 9.651806354522705078e-01
1.083000000000000000e+04 9.657590389251708984e-01
1.092500000000000000e+04 9.686726331710815430e-01
1.102000000000000000e+04 9.711899161338806152e-01
1.111500000000000000e+04 9.740226268768310547e-01
1.121000000000000000e+04 9.756841063499450684e-01
1.130500000000000000e+04 9.774163961410522461e-01
1.140000000000000000e+04 9.788118600845336914e-01
1.149500000000000000e+04 9.791601300239562988e-01
1.159000000000000000e+04 9.798457026481628418e-01
1.168500000000000000e+04 9.804807305335998535e-01
1.178000000000000000e+04 9.808509349822998047e-01
1.187500000000000000e+04 9.812830686569213867e-01
1.197000000000000000e+04 9.818277359008789062e-01
1.206500000000000000e+04 9.818252921104431152e-01
1.216000000000000000e+04 9.812246561050415039e-01
1.225500000000000000e+04 9.806112647056579590e-01
1.235000000000000000e+04 9.799707531929016113e-01
1.244500000000000000e+04 9.798251986503601074e-01
1.254000000000000000e+04 9.799373149871826172e-01
1.263500000000000000e+04 9.810287952423095703e-01
1.273000000000000000e+04 9.812134504318237305e-01
1.282500000000000000e+04 9.821504950523376465e-01
1.292000000000000000e+04 9.814418554306030273e-01
1.301500000000000000e+04 9.805120229721069336e-01
1.311000000000000000e+04 9.793818593025207520e-01
1.320500000000000000e+04 9.781228899955749512e-01
1.330000000000000000e+04 9.768808484077453613e-01
1.339500000000000000e+04 9.757625460624694824e-01
1.349000000000000000e+04 9.748477339744567871e-01
1.358500000000000000e+04 9.741571545600891113e-01
1.368000000000000000e+04 9.735704064369201660e-01
1.377500000000000000e+04 9.731560945510864258e-01
1.387000000000000000e+04 9.728854894638061523e-01
1.396500000000000000e+04 9.728080630302429199e-01
1.406000000000000000e+04 9.728797674179077148e-01
1.415500000000000000e+04 9.731113910675048828e-01
1.425000000000000000e+04 9.735131859779357910e-01
1.434500000000000000e+04 9.740287661552429199e-01
1.444000000000000000e+04 9.746752977371215820e-01
1.453500000000000000e+04 9.753994345664978027e-01
1.463000000000000000e+04 9.761662483215332031e-01
1.472500000000000000e+04 9.769613742828369141e-01
1.482000000000000000e+04 9.777287840843200684e-01
1.491500000000000000e+04 9.784556627273559570e-01
1.501000000000000000e+04 9.791099429130554199e-01
1.510500000000000000e+04 9.796631932258605957e-01
1.520000000000000000e+04 9.801197648048400879e-01
1.529500000000000000e+04 9.804427027702331543e-01
1.539000000000000000e+04 9.806569218635559082e-01
1.548500000000000000e+04 9.807401895523071289e-01
1.558000000000000000e+04 9.807432889938354492e-01
1.567500000000000000e+04 9.806390404701232910e-01
1.577000000000000000e+04 9.804596900939941406e-01
1.586500000000000000e+04 9.802388548851013184e-01
1.596000000000000000e+04 9.799526929855346680e-01
1.605500000000000000e+04 9.796102046966552734e-01
1.615000000000000000e+04 9.792343378067016602e-01
1.624500000000000000e+04 9.788324832916259766e-01
1.634000000000000000e+04 9.783881902694702148e-01
1.643500000000000000e+04 9.779072999954223633e-01
1.653000000000000000e+04 9.774094820022583008e-01
1.662500000000000000e+04 9.768783450126647949e-01
1.672000000000000000e+04 9.763600826263427734e-01
1.681500000000000000e+04 9.759935736656188965e-01
1.691000000000000000e+04 9.758993983268737793e-01
1.700500000000000000e+04 9.763461947441101074e-01
1.710000000000000000e+04 9.761961102485656738e-01
1.719500000000000000e+04 9.761226773262023926e-01
1.729000000000000000e+04 9.757983088493347168e-01
1.738500000000000000e+04 9.759566783905029297e-01
1.748000000000000000e+04 9.752721190452575684e-01
1.757500000000000000e+04 9.755259156227111816e-01
1.767000000000000000e+04 9.747957587242126465e-01
1.776500000000000000e+04 9.758009314537048340e-01
1.786000000000000000e+04 9.757912755012512207e-01
1.795500000000000000e+04 9.759991765022277832e-01
1.805000000000000000e+04 9.776113033294677734e-01
1.814500000000000000e+04 9.777825474739074707e-01
1.824000000000000000e+04 9.795227050781250000e-01
1.833500000000000000e+04 9.832412600517272949e-01
1.843000000000000000e+04 9.840377569198608398e-01
1.852500000000000000e+04 9.830003380775451660e-01
1.862000000000000000e+04 9.823958277702331543e-01
1.871500000000000000e+04 9.823655486106872559e-01
1.881000000000000000e+04 9.825347065925598145e-01
1.890500000000000000e+04 9.828710556030273438e-01
1.900000000000000000e+04 9.834200143814086914e-01
1.909500000000000000e+04 9.841371178627014160e-01
1.919000000000000000e+04 9.850361943244934082e-01
1.928500000000000000e+04 9.854961037635803223e-01
1.938000000000000000e+04 9.863098859786987305e-01
1.947500000000000000e+04 9.868096113204956055e-01
1.957000000000000000e+04 9.863394498825073242e-01
1.966500000000000000e+04 9.861069321632385254e-01
1.976000000000000000e+04 9.869082570075988770e-01
1.985500000000000000e+04 9.887499809265136719e-01
1.995000000000000000e+04 9.897131919860839844e-01
2.004500000000000000e+04 9.914295077323913574e-01
2.014000000000000000e+04 9.928824305534362793e-01
2.023500000000000000e+04 9.933559298515319824e-01
2.033000000000000000e+04 9.935475587844848633e-01
2.042500000000000000e+04 9.931178689002990723e-01
2.052000000000000000e+04 9.927296638488769531e-01
2.061500000000000000e+04 9.921338558197021484e-01
2.071000000000000000e+04 9.921799898147583008e-01
2.080500000000000000e+04 9.924035668373107910e-01
2.090000000000000000e+04 9.922162294387817383e-01
2.099500000000000000e+04 9.918957352638244629e-01
2.109000000000000000e+04 9.918360710144042969e-01
2.118500000000000000e+04 9.913080930709838867e-01
2.128000000000000000e+04 9.904875755310058594e-01
2.137500000000000000e+04 9.908037185668945312e-01
2.147000000000000000e+04 9.922115206718444824e-01
2.156500000000000000e+04 9.928448796272277832e-01
2.166000000000000000e+04 9.930953383445739746e-01
2.175500000000000000e+04 9.929805397987365723e-01
2.185000000000000000e+04 9.927018284797668457e-01
2.194500000000000000e+04 9.928175806999206543e-01
2.204000000000000000e+04 9.927040934562683105e-01
2.213500000000000000e+04 9.928125143051147461e-01
2.223000000000000000e+04 9.930512309074401855e-01
2.232500000000000000e+04 9.936625361442565918e-01
2.242000000000000000e+04 9.934693574905395508e-01
2.251500000000000000e+04 9.926469326019287109e-01
2.261000000000000000e+04 9.926410317420959473e-01
2.270500000000000000e+04 9.923267960548400879e-01
2.280000000000000000e+04 9.911286830902099609e-01
2.289500000000000000e+04 9.889363646507263184e-01
2.299000000000000000e+04 9.886997342109680176e-01
2.308500000000000000e+04 9.884014129638671875e-01
2.318000000000000000e+04 9.875293970108032227e-01
2.327500000000000000e+04 9.867601990699768066e-01
2.337000000000000000e+04 9.859827756881713867e-01
2.346500000000000000e+04 9.852952957153320312e-01
2.356000000000000000e+04 9.848383069038391113e-01
2.365500000000000000e+04 9.846475124359130859e-01
2.375000000000000000e+04 9.845067858695983887e-01
2.384500000000000000e+04 9.843982458114624023e-01
2.394000000000000000e+04 9.841773509979248047e-01
2.403500000000000000e+04 9.835546016693115234e-01
2.413000000000000000e+04 9.826255440711975098e-01
2.422500000000000000e+04 9.804528355598449707e-01
2.432000000000000000e+04 9.783633351325988770e-01
2.441500000000000000e+04 9.758992791175842285e-01
2.451000000000000000e+04 9.736302495002746582e-01
2.460500000000000000e+04 9.775166511535644531e-01
2.470000000000000000e+04 9.809134006500244141e-01
2.479500000000000000e+04 9.827992320060729980e-01
2.489000000000000000e+04 9.839649796485900879e-01
2.498500000000000000e+04 9.842340946197509766e-01
2.508000000000000000e+04 9.838725328445434570e-01
2.517500000000000000e+04 9.838118553161621094e-01
2.527000000000000000e+04 9.832468628883361816e-01
2.536500000000000000e+04 9.836589097976684570e-01
2.546000000000000000e+04 9.840366840362548828e-01
2.555500000000000000e+04 9.824959039688110352e-01
2.565000000000000000e+04 9.803735017776489258e-01
2.574500000000000000e+04 9.777227044105529785e-01
2.584000000000000000e+04 9.761986732482910156e-01
2.593500000000000000e+04 9.758276939392089844e-01
2.603000000000000000e+04 9.776169061660766602e-01
2.612500000000000000e+04 9.781298041343688965e-01
2.622000000000000000e+04 9.769030213356018066e-01
2.631500000000000000e+04 9.757670760154724121e-01
2.641000000000000000e+04 9.758948683738708496e-01
2.650500000000000000e+04 9.755708575248718262e-01
2.660000000000000000e+04 9.748101234436035156e-01
2.669500000000000000e+04 9.776734709739685059e-01
2.679000000000000000e+04 9.776517152786254883e-01
2.688500000000000000e+04 9.763679504394531250e-01
2.698000000000000000e+04 9.761080741882324219e-01
2.707500000000000000e+04 9.761942028999328613e-01
2.717000000000000000e+04 9.757547974586486816e-01
2.726500000000000000e+04 9.763299822807312012e-01
2.736000000000000000e+04 9.774696826934814453e-01
2.745500000000000000e+04 9.764876365661621094e-01
2.755000000000000000e+04 9.752150177955627441e-01
2.764500000000000000e+04 9.750873446464538574e-01
2.774000000000000000e+04 9.749392867088317871e-01
2.783500000000000000e+04 9.751332402229309082e-01
2.793000000000000000e+04 9.756094813346862793e-01
2.802500000000000000e+04 9.780821204185485840e-01
2.812000000000000000e+04 9.777637720108032227e-01
2.821500000000000000e+04 9.767332673072814941e-01
2.831000000000000000e+04 9.760544896125793457e-01
2.840500000000000000e+04 9.748997688293457031e-01
2.850000000000000000e+04 9.738033413887023926e-01
2.859500000000000000e+04 9.728392958641052246e-01
2.869000000000000000e+04 9.721035361289978027e-01
2.878500000000000000e+04 9.715500473976135254e-01
2.888000000000000000e+04 9.712441563606262207e-01
2.897500000000000000e+04 9.702828526496887207e-01
2.907000000000000000e+04 9.694954752922058105e-01
2.916500000000000000e+04 9.697098135948181152e-01
2.926000000000000000e+04 9.712080359458923340e-01
2.935500000000000000e+04 9.712984561920166016e-01
2.945000000000000000e+04 9.721339941024780273e-01
2.954500000000000000e+04 9.738184213638305664e-01
2.964000000000000000e+04 9.755406379699707031e-01
2.973500000000000000e+04 9.769765138626098633e-01
2.983000000000000000e+04 9.782344102859497070e-01
2.992500000000000000e+04 9.792770147323608398e-01
3.002000000000000000e+04 9.802290201187133789e-01
3.011500000000000000e+04 9.784889817237854004e-01
3.021000000000000000e+04 9.772018790245056152e-01
3.030500000000000000e+04 9.760583043098449707e-01
3.040000000000000000e+04 9.756314158439636230e-01
3.049500000000000000e+04 9.747778773307800293e-01
3.059000000000000000e+04 9.750206470489501953e-01
3.068500000000000000e+04 9.758430123329162598e-01
3.078000000000000000e+04 9.770948290824890137e-01
3.087500000000000000e+04 9.787440896034240723e-01
3.097000000000000000e+04 9.806067943572998047e-01
3.106500000000000000e+04 9.825730323791503906e-01
3.116000000000000000e+04 9.843350052833557129e-01
3.125500000000000000e+04 9.854853749275207520e-01
3.135000000000000000e+04 9.865433573722839355e-01
3.144500000000000000e+04 9.874300360679626465e-01
3.154000000000000000e+04 9.880356192588806152e-01
3.163500000000000000e+04 9.884297251701354980e-01
3.173000000000000000e+04 9.888059496879577637e-01
3.182500000000000000e+04 9.889175891876220703e-01
3.192000000000000000e+04 9.889084696769714355e-01
3.201500000000000000e+04 9.889031052589416504e-01
3.211000000000000000e+04 9.886351823806762695e-01
3.220500000000000000e+04 9.884884953498840332e-01
3.230000000000000000e+04 9.880034923553466797e-01
3.239500000000000000e+04 9.875439405441284180e-01
3.249000000000000000e+04 9.870275259017944336e-01
3.258500000000000000e+04 9.864063262939453125e-01
3.268000000000000000e+04 9.859021902084350586e-01
3.277500000000000000e+04 9.852131605148315430e-01
3.287000000000000000e+04 9.848940968513488770e-01
3.296500000000000000e+04 9.843624234199523926e-01
3.306000000000000000e+04 9.842060208320617676e-01
3.315500000000000000e+04 9.840362071990966797e-01
3.325000000000000000e+04 9.835839867591857910e-01
3.334500000000000000e+04 9.830096364021301270e-01
3.344000000000000000e+04 9.829578995704650879e-01
3.353500000000000000e+04 9.828178882598876953e-01
3.363000000000000000e+04 9.825638532638549805e-01
3.372500000000000000e+04 9.822789430618286133e-01
3.382000000000000000e+04 9.822635650634765625e-01
3.391500000000000000e+04 9.822648763656616211e-01
3.401000000000000000e+04 9.826363921165466309e-01
3.410500000000000000e+04 9.823109507560729980e-01
3.420000000000000000e+04 9.820777773857116699e-01
3.429500000000000000e+04 9.821357727050781250e-01
3.439000000000000000e+04 9.821459054946899414e-01
3.448500000000000000e+04 9.820196628570556641e-01
3.458000000000000000e+04 9.821510910987854004e-01
3.467500000000000000e+04 9.818907380104064941e-01
3.477000000000000000e+04 9.820608496665954590e-01
3.486500000000000000e+04 9.819222688674926758e-01
3.496000000000000000e+04 9.821668863296508789e-01
3.505500000000000000e+04 9.825433492660522461e-01
3.515000000000000000e+04 9.827479720115661621e-01
3.524500000000000000e+04 9.825240373611450195e-01
3.534000000000000000e+04 9.822230935096740723e-01
3.543500000000000000e+04 9.823263883590698242e-01
3.553000000000000000e+04 9.825622439384460449e-01
3.562500000000000000e+04 9.825932979583740234e-01
3.572000000000000000e+04 9.825621843338012695e-01
3.581500000000000000e+04 9.824050664901733398e-01
3.591000000000000000e+04 9.824236631393432617e-01
3.600500000000000000e+04 9.824098348617553711e-01
3.610000000000000000e+04 9.826115965843200684e-01
3.619500000000000000e+04 9.827177524566650391e-01
3.629000000000000000e+04 9.827089905738830566e-01
3.638500000000000000e+04 9.825028777122497559e-01
3.648000000000000000e+04 9.826855063438415527e-01
3.657500000000000000e+04 9.826075434684753418e-01
3.667000000000000000e+04 9.826892018318176270e-01
3.676500000000000000e+04 9.826366305351257324e-01
3.686000000000000000e+04 9.825767874717712402e-01
3.695500000000000000e+04 9.825164675712585449e-01
3.705000000000000000e+04 9.824904799461364746e-01
3.714500000000000000e+04 9.825464487075805664e-01
3.724000000000000000e+04 9.825941920280456543e-01
3.733500000000000000e+04 9.826154112815856934e-01
3.743000000000000000e+04 9.825753569602966309e-01
3.752500000000000000e+04 9.825647473335266113e-01
3.762000000000000000e+04 9.825135469436645508e-01
3.771500000000000000e+04 9.827655553817749023e-01
3.781000000000000000e+04 9.827025532722473145e-01
3.790500000000000000e+04 9.828038811683654785e-01
3.800000000000000000e+04 9.827321171760559082e-01
3.809500000000000000e+04 9.826552867889404297e-01
3.819000000000000000e+04 9.826668500900268555e-01
3.828500000000000000e+04 9.826559424400329590e-01
3.838000000000000000e+04 9.825686812400817871e-01
3.847500000000000000e+04 9.824982881546020508e-01
3.857000000000000000e+04 9.823376536369323730e-01
3.866500000000000000e+04 9.824171066284179688e-01
3.876000000000000000e+04 9.822609424591064453e-01
3.885500000000000000e+04 9.821921586990356445e-01
3.895000000000000000e+04 9.820975661277770996e-01
3.904500000000000000e+04 9.820463657379150391e-01
3.914000000000000000e+04 9.819490313529968262e-01
3.923500000000000000e+04 9.818111658096313477e-01
3.933000000000000000e+04 9.817639589309692383e-01
3.942500000000000000e+04 9.816512465476989746e-01
3.952000000000000000e+04 9.813862442970275879e-01
3.961500000000000000e+04 9.810891747474670410e-01
3.971000000000000000e+04 9.810019135475158691e-01
3.980500000000000000e+04 9.809376001358032227e-01
3.990000000000000000e+04 9.806279540061950684e-01
3.999500000000000000e+04 9.806244373321533203e-01
4.009000000000000000e+04 9.804946184158325195e-01
4.018500000000000000e+04 9.803531765937805176e-01
4.028000000000000000e+04 9.803486466407775879e-01
4.037500000000000000e+04 9.800887107849121094e-01
4.047000000000000000e+04 9.799216985702514648e-01
4.056500000000000000e+04 9.799376130104064941e-01
4.066000000000000000e+04 9.797223806381225586e-01
4.075500000000000000e+04 9.797961711883544922e-01
4.085000000000000000e+04 9.796897172927856445e-01
4.094500000000000000e+04 9.796447157859802246e-01
4.104000000000000000e+04 9.795386195182800293e-01
4.113500000000000000e+04 9.795571565628051758e-01
4.123000000000000000e+04 9.796122908592224121e-01
4.132500000000000000e+04 9.795888066291809082e-01
4.142000000000000000e+04 9.795485138893127441e-01
4.151500000000000000e+04 9.793369770050048828e-01
4.161000000000000000e+04 9.793716073036193848e-01
4.170500000000000000e+04 9.792953133583068848e-01
4.180000000000000000e+04 9.791880846023559570e-01
4.189500000000000000e+04 9.791692495346069336e-01
4.199000000000000000e+04 9.790083765983581543e-01
4.208500000000000000e+04 9.791842699050903320e-01
4.218000000000000000e+04 9.789765477180480957e-01
4.227500000000000000e+04 9.789012074470520020e-01
4.237000000000000000e+04 9.787619113922119141e-01
4.246500000000000000e+04 9.788415431976318359e-01
4.256000000000000000e+04 9.789528846740722656e-01
4.265500000000000000e+04 9.789912700653076172e-01
4.275000000000000000e+04 9.788208603858947754e-01
4.284500000000000000e+04 9.789485931396484375e-01
4.294000000000000000e+04 9.789845943450927734e-01
4.303500000000000000e+04 9.790409803390502930e-01
4.313000000000000000e+04 9.790359139442443848e-01
4.322500000000000000e+04 9.787743687629699707e-01
4.332000000000000000e+04 9.787184000015258789e-01
4.341500000000000000e+04 9.787665009498596191e-01
4.351000000000000000e+04 9.786819219589233398e-01
4.360500000000000000e+04 9.787806868553161621e-01
4.370000000000000000e+04 9.788723587989807129e-01
4.379500000000000000e+04 9.787998199462890625e-01
4.389000000000000000e+04 9.788055419921875000e-01
4.398500000000000000e+04 9.787268638610839844e-01
4.408000000000000000e+04 9.787110090255737305e-01
4.417500000000000000e+04 9.786298274993896484e-01
4.427000000000000000e+04 9.787063598632812500e-01
4.436500000000000000e+04 9.786615967750549316e-01
4.446000000000000000e+04 9.783712625503540039e-01
4.455500000000000000e+04 9.783362746238708496e-01
4.465000000000000000e+04 9.783421158790588379e-01
4.474500000000000000e+04 9.783828258514404297e-01
4.484000000000000000e+04 9.782640933990478516e-01
4.493500000000000000e+04 9.781126976013183594e-01
4.503000000000000000e+04 9.780318737030029297e-01
4.512500000000000000e+04 9.781442880630493164e-01
4.522000000000000000e+04 9.780004620552062988e-01
4.531500000000000000e+04 9.780181646347045898e-01
4.541000000000000000e+04 9.779753684997558594e-01
4.550500000000000000e+04 9.780004620552062988e-01
4.560000000000000000e+04 9.780221581459045410e-01
4.569500000000000000e+04 9.779594540596008301e-01
4.579000000000000000e+04 9.779617786407470703e-01
4.588500000000000000e+04 9.779824614524841309e-01
4.598000000000000000e+04 9.780204892158508301e-01
4.607500000000000000e+04 9.777921438217163086e-01
4.617000000000000000e+04 9.775611162185668945e-01
4.626500000000000000e+04 9.775080084800720215e-01
4.636000000000000000e+04 9.773653745651245117e-01
4.645500000000000000e+04 9.772662520408630371e-01
4.655000000000000000e+04 9.772785305976867676e-01
4.664500000000000000e+04 9.773080348968505859e-01
4.674000000000000000e+04 9.772970676422119141e-01
4.683500000000000000e+04 9.770903587341308594e-01
4.693000000000000000e+04 9.772328734397888184e-01
4.702500000000000000e+04 9.770697355270385742e-01
4.712000000000000000e+04 9.769361019134521484e-01
4.721500000000000000e+04 9.768465757369995117e-01
4.731000000000000000e+04 9.767070412635803223e-01
4.740500000000000000e+04 9.768626689910888672e-01
4.750000000000000000e+04 9.768138527870178223e-01
4.759500000000000000e+04 9.768934845924377441e-01
4.769000000000000000e+04 9.769476056098937988e-01
4.778500000000000000e+04 9.769698977470397949e-01
4.788000000000000000e+04 9.768177866935729980e-01
4.797500000000000000e+04 9.766352176666259766e-01
4.807000000000000000e+04 9.766742587089538574e-01
4.816500000000000000e+04 9.765394330024719238e-01
4.826000000000000000e+04 9.764345288276672363e-01
4.835500000000000000e+04 9.763585329055786133e-01
4.845000000000000000e+04 9.763936400413513184e-01
4.854500000000000000e+04 9.763631224632263184e-01
4.864000000000000000e+04 9.763327240943908691e-01
4.873500000000000000e+04 9.762203693389892578e-01
4.883000000000000000e+04 9.762520790100097656e-01
4.892500000000000000e+04 9.763318300247192383e-01
4.902000000000000000e+04 9.762313365936279297e-01
4.911500000000000000e+04 9.763500690460205078e-01
4.921000000000000000e+04 9.760339856147766113e-01
4.930500000000000000e+04 9.760799407958984375e-01
4.940000000000000000e+04 9.762622714042663574e-01
4.949500000000000000e+04 9.761968851089477539e-01
4.959000000000000000e+04 9.762534499168395996e-01
4.968500000000000000e+04 9.763747453689575195e-01
4.978000000000000000e+04 9.762867689132690430e-01
4.987500000000000000e+04 9.763857126235961914e-01
4.997000000000000000e+04 9.763533473014831543e-01
5.006500000000000000e+04 9.760968685150146484e-01
5.016000000000000000e+04 9.759764671325683594e-01
5.025500000000000000e+04 9.759296774864196777e-01
5.035000000000000000e+04 9.757089614868164062e-01
5.044500000000000000e+04 9.758285284042358398e-01
5.054000000000000000e+04 9.759646058082580566e-01
5.063500000000000000e+04 9.759858250617980957e-01
5.073000000000000000e+04 9.759907126426696777e-01
5.082500000000000000e+04 9.760595560073852539e-01
5.092000000000000000e+04 9.758747220039367676e-01
5.101500000000000000e+04 9.761183261871337891e-01
5.111000000000000000e+04 9.760688543319702148e-01
5.120500000000000000e+04 9.759375452995300293e-01
5.130000000000000000e+04 9.757823348045349121e-01
5.139500000000000000e+04 9.758130311965942383e-01
5.149000000000000000e+04 9.757947325706481934e-01
5.158500000000000000e+04 9.757525920867919922e-01
5.168000000000000000e+04 9.756418466567993164e-01
5.177500000000000000e+04 9.753373265266418457e-01
5.187000000000000000e+04 9.753617644309997559e-01
5.196500000000000000e+04 9.754822850227355957e-01
5.206000000000000000e+04 9.754565954208374023e-01
5.215500000000000000e+04 9.753652811050415039e-01
5.225000000000000000e+04 9.751893281936645508e-01
5.234500000000000000e+04 9.752146601676940918e-01
5.244000000000000000e+04 9.750173091888427734e-01
5.253500000000000000e+04 9.748831987380981445e-01
5.263000000000000000e+04 9.748457670211791992e-01
5.272500000000000000e+04 9.749289751052856445e-01
5.282000000000000000e+04 9.749209284782409668e-01
5.291500000000000000e+04 9.748148322105407715e-01
5.301000000000000000e+04 9.749351143836975098e-01
5.310500000000000000e+04 9.749028682708740234e-01
5.320000000000000000e+04 9.746404290199279785e-01
5.329500000000000000e+04 9.743627905845642090e-01
5.339000000000000000e+04 9.743156433105468750e-01
5.348500000000000000e+04 9.739963412284851074e-01
5.358000000000000000e+04 9.740548133850097656e-01
5.367500000000000000e+04 9.738465547561645508e-01
5.377000000000000000e+04 9.739804863929748535e-01
5.386500000000000000e+04 9.739900827407836914e-01
5.396000000000000000e+04 9.739827513694763184e-01
5.405500000000000000e+04 9.741306304931640625e-01
5.415000000000000000e+04 9.742417335510253906e-01
5.424500000000000000e+04 9.743026494979858398e-01
5.434000000000000000e+04 9.740934967994689941e-01
5.443500000000000000e+04 9.739854931831359863e-01
5.453000000000000000e+04 9.737992286682128906e-01
5.462500000000000000e+04 9.738897681236267090e-01
5.472000000000000000e+04 9.739883542060852051e-01
5.481500000000000000e+04 9.739823341369628906e-01
5.491000000000000000e+04 9.739566445350646973e-01
5.500500000000000000e+04 9.738985300064086914e-01
5.510000000000000000e+04 9.736194014549255371e-01
5.519500000000000000e+04 9.735561609268188477e-01
5.529000000000000000e+04 9.736070632934570312e-01
5.538500000000000000e+04 9.736068248748779297e-01
5.548000000000000000e+04 9.734939932823181152e-01
5.557500000000000000e+04 9.736295938491821289e-01
5.567000000000000000e+04 9.736300706863403320e-01
5.576500000000000000e+04 9.736589193344116211e-01
5.586000000000000000e+04 9.736363291740417480e-01
5.595500000000000000e+04 9.737217426300048828e-01
5.605000000000000000e+04 9.736769795417785645e-01
5.614500000000000000e+04 9.736404418945312500e-01
5.624000000000000000e+04 9.737395048141479492e-01
5.633500000000000000e+04 9.735680818557739258e-01
5.643000000000000000e+04 9.733999967575073242e-01
5.652500000000000000e+04 9.733452200889587402e-01
5.662000000000000000e+04 9.732087850570678711e-01
5.671500000000000000e+04 9.732335209846496582e-01
5.681000000000000000e+04 9.733281731605529785e-01
5.690500000000000000e+04 9.733344316482543945e-01
5.700000000000000000e+04 9.733311533927917480e-01
5.709500000000000000e+04 9.733691215515136719e-01
5.719000000000000000e+04 9.733722209930419922e-01
5.728500000000000000e+04 9.731836915016174316e-01
5.738000000000000000e+04 9.730743169784545898e-01
5.747500000000000000e+04 9.728549122810363770e-01
5.757000000000000000e+04 9.727409482002258301e-01
5.766500000000000000e+04 9.726666808128356934e-01
5.776000000000000000e+04 9.726585745811462402e-01
5.785500000000000000e+04 9.727309942245483398e-01
5.795000000000000000e+04 9.727155566215515137e-01
5.804500000000000000e+04 9.726759791374206543e-01
5.814000000000000000e+04 9.726824760437011719e-01
5.823500000000000000e+04 9.728751778602600098e-01
5.833000000000000000e+04 9.727129936218261719e-01
5.842500000000000000e+04 9.727656841278076172e-01
5.852000000000000000e+04 9.727305173873901367e-01
5.861500000000000000e+04 9.728326201438903809e-01
5.871000000000000000e+04 9.729285240173339844e-01
5.880500000000000000e+04 9.729405045509338379e-01
5.890000000000000000e+04 9.729135036468505859e-01
5.899500000000000000e+04 9.728724956512451172e-01
5.909000000000000000e+04 9.728591442108154297e-01
5.918500000000000000e+04 9.729608893394470215e-01
5.928000000000000000e+04 9.730573892593383789e-01
5.937500000000000000e+04 9.729896187782287598e-01
5.947000000000000000e+04 9.730054140090942383e-01
5.956500000000000000e+04 9.731177687644958496e-01
5.966000000000000000e+04 9.729351401329040527e-01
5.975500000000000000e+04 9.730510711669921875e-01
5.985000000000000000e+04 9.728962779045104980e-01
5.994500000000000000e+04 9.728804230690002441e-01
6.004000000000000000e+04 9.728780388832092285e-01
6.013500000000000000e+04 9.728433489799499512e-01
6.023000000000000000e+04 9.727669358253479004e-01
6.032500000000000000e+04 9.728717803955078125e-01
6.042000000000000000e+04 9.729073643684387207e-01
6.051500000000000000e+04 9.728674888610839844e-01
6.061000000000000000e+04 9.727095961570739746e-01
6.070500000000000000e+04 9.727627635002136230e-01
6.080000000000000000e+04 9.726168513298034668e-01
6.089500000000000000e+04 9.728355407714843750e-01
6.099000000000000000e+04 9.727936983108520508e-01
6.108500000000000000e+04 9.728091359138488770e-01
6.118000000000000000e+04 9.729617834091186523e-01
6.127500000000000000e+04 9.730983972549438477e-01
6.137000000000000000e+04 9.730416536331176758e-01
6.146500000000000000e+04 9.728607535362243652e-01
6.156000000000000000e+04 9.726095199584960938e-01
6.165500000000000000e+04 9.724746346473693848e-01
6.175000000000000000e+04 9.724797606468200684e-01
6.184500000000000000e+04 9.725719094276428223e-01
6.194000000000000000e+04 9.723636507987976074e-01
6.203500000000000000e+04 9.721540212631225586e-01
6.213000000000000000e+04 9.721072912216186523e-01
6.222500000000000000e+04 9.718426465988159180e-01
6.232000000000000000e+04 9.718093276023864746e-01
6.241500000000000000e+04 9.716784954071044922e-01
6.251000000000000000e+04 9.715483188629150391e-01
6.260500000000000000e+04 9.715182185173034668e-01
6.270000000000000000e+04 9.714337587356567383e-01
6.279500000000000000e+04 9.711964130401611328e-01
6.289000000000000000e+04 9.709591269493103027e-01
6.298500000000000000e+04 9.710394144058227539e-01
6.308000000000000000e+04 9.708921909332275391e-01
6.317500000000000000e+04 9.710031151771545410e-01
6.327000000000000000e+04 9.710041880607604980e-01
6.336500000000000000e+04 9.708434343338012695e-01
6.346000000000000000e+04 9.706400036811828613e-01
6.355500000000000000e+04 9.702777266502380371e-01
6.365000000000000000e+04 9.700473546981811523e-01
6.374500000000000000e+04 9.699801802635192871e-01
6.384000000000000000e+04 9.699476361274719238e-01
6.393500000000000000e+04 9.696822762489318848e-01
6.403000000000000000e+04 9.694149494171142578e-01
6.412500000000000000e+04 9.693036675453186035e-01
6.422000000000000000e+04 9.692418575286865234e-01
6.431500000000000000e+04 9.691738486289978027e-01
6.441000000000000000e+04 9.693245291709899902e-01
6.450500000000000000e+04 9.694749116897583008e-01
6.460000000000000000e+04 9.694615602493286133e-01
6.469500000000000000e+04 9.695284962654113770e-01
6.479000000000000000e+04 9.694569706916809082e-01
6.488500000000000000e+04 9.694448709487915039e-01
6.498000000000000000e+04 9.694671034812927246e-01
6.507500000000000000e+04 9.694927334785461426e-01
6.517000000000000000e+04 9.696692228317260742e-01
6.526500000000000000e+04 9.698252677917480469e-01
6.536000000000000000e+04 9.699704051017761230e-01
6.545500000000000000e+04 9.699915647506713867e-01
6.555000000000000000e+04 9.700799584388732910e-01
6.564500000000000000e+04 9.702683687210083008e-01
6.574000000000000000e+04 9.702967405319213867e-01
6.583500000000000000e+04 9.704359769821166992e-01
6.593000000000000000e+04 9.706027507781982422e-01
6.602500000000000000e+04 9.706489443778991699e-01
6.612000000000000000e+04 9.705843329429626465e-01
6.621500000000000000e+04 9.706695675849914551e-01
6.631000000000000000e+04 9.706925749778747559e-01
6.640500000000000000e+04 9.706621170043945312e-01
6.650000000000000000e+04 9.706381559371948242e-01
6.659500000000000000e+04 9.706825613975524902e-01
6.669000000000000000e+04 9.707427024841308594e-01
6.678500000000000000e+04 9.706899523735046387e-01
6.688000000000000000e+04 9.707280397415161133e-01
6.697500000000000000e+04 9.706776142120361328e-01
6.707000000000000000e+04 9.708375334739685059e-01
6.716500000000000000e+04 9.707871675491333008e-01
6.726000000000000000e+04 9.707266688346862793e-01
6.735500000000000000e+04 9.707164764404296875e-01
6.745000000000000000e+04 9.708366990089416504e-01
6.754500000000000000e+04 9.708029031753540039e-01
6.764000000000000000e+04 9.708666801452636719e-01
6.773500000000000000e+04 9.708993434906005859e-01
6.783000000000000000e+04 9.707728028297424316e-01
6.792500000000000000e+04 9.707030057907104492e-01
6.802000000000000000e+04 9.707283973693847656e-01
6.811500000000000000e+04 9.707357883453369141e-01
6.821000000000000000e+04 9.706453680992126465e-01
6.830500000000000000e+04 9.704984426498413086e-01
6.840000000000000000e+04 9.707046151161193848e-01
6.849500000000000000e+04 9.707058072090148926e-01
6.859000000000000000e+04 9.706676006317138672e-01
6.868500000000000000e+04 9.706296920776367188e-01
6.878000000000000000e+04 9.705544114112854004e-01
6.887500000000000000e+04 9.708364009857177734e-01
6.897000000000000000e+04 9.707764983177185059e-01
6.906500000000000000e+04 9.710211157798767090e-01
6.916000000000000000e+04 9.709256887435913086e-01
6.925500000000000000e+04 9.707971811294555664e-01
6.935000000000000000e+04 9.709601998329162598e-01
6.944500000000000000e+04 9.711246490478515625e-01
6.954000000000000000e+04 9.711698889732360840e-01
6.963500000000000000e+04 9.712492823600769043e-01
6.973000000000000000e+04 9.713103175163269043e-01
6.982500000000000000e+04 9.713526964187622070e-01
6.992000000000000000e+04 9.714823961257934570e-01
7.001500000000000000e+04 9.716930985450744629e-01
7.011000000000000000e+04 9.718337655067443848e-01
7.020500000000000000e+04 9.718048572540283203e-01
7.030000000000000000e+04 9.717081189155578613e-01
7.039500000000000000e+04 9.715161919593811035e-01
7.049000000000000000e+04 9.714507460594177246e-01
7.058500000000000000e+04 9.713370800018310547e-01
7.068000000000000000e+04 9.712966084480285645e-01
7.077500000000000000e+04 9.711527824401855469e-01
7.087000000000000000e+04 9.709431529045104980e-01
7.096500000000000000e+04 9.710189700126647949e-01
7.106000000000000000e+04 9.710530042648315430e-01
7.115500000000000000e+04 9.710471630096435547e-01
7.125000000000000000e+04 9.708933830261230469e-01
7.134500000000000000e+04 9.708176255226135254e-01
7.144000000000000000e+04 9.707761406898498535e-01
7.153500000000000000e+04 9.707864522933959961e-01
7.163000000000000000e+04 9.707064628601074219e-01
7.172500000000000000e+04 9.707697629928588867e-01
7.182000000000000000e+04 9.706932306289672852e-01
7.191500000000000000e+04 9.707938432693481445e-01
7.201000000000000000e+04 9.707436561584472656e-01
7.210500000000000000e+04 9.707982540130615234e-01
7.220000000000000000e+04 9.708058238029479980e-01
7.229500000000000000e+04 9.705302119255065918e-01
7.239000000000000000e+04 9.704170227050781250e-01
7.248500000000000000e+04 9.705850481986999512e-01
7.258000000000000000e+04 9.706290960311889648e-01
7.267500000000000000e+04 9.707690477371215820e-01
7.277000000000000000e+04 9.708823561668395996e-01
7.286500000000000000e+04 9.712152481079101562e-01
7.296000000000000000e+04 9.713684916496276855e-01
7.305500000000000000e+04 9.712640047073364258e-01
7.315000000000000000e+04 9.712608456611633301e-01
7.324500000000000000e+04 9.713774323463439941e-01
7.334000000000000000e+04 9.715518355369567871e-01
7.343500000000000000e+04 9.715461134910583496e-01
7.353000000000000000e+04 9.715777039527893066e-01
7.362500000000000000e+04 9.715569019317626953e-01
7.372000000000000000e+04 9.717090725898742676e-01
7.381500000000000000e+04 9.716988205909729004e-01
7.391000000000000000e+04 9.717460274696350098e-01
7.400500000000000000e+04 9.717649817466735840e-01
7.410000000000000000e+04 9.718276262283325195e-01
7.419500000000000000e+04 9.717769622802734375e-01
7.429000000000000000e+04 9.716939330101013184e-01
7.438500000000000000e+04 9.712983369827270508e-01
7.448000000000000000e+04 9.712067842483520508e-01
7.457500000000000000e+04 9.712193608283996582e-01
7.467000000000000000e+04 9.710831642150878906e-01
7.476500000000000000e+04 9.712193012237548828e-01
7.486000000000000000e+04 9.713181853294372559e-01
7.495500000000000000e+04 9.713601469993591309e-01
7.505000000000000000e+04 9.713301062583923340e-01
7.514500000000000000e+04 9.712840914726257324e-01
7.524000000000000000e+04 9.714363217353820801e-01
7.533500000000000000e+04 9.714694023132324219e-01
7.543000000000000000e+04 9.715776443481445312e-01
7.552500000000000000e+04 9.715453386306762695e-01
7.562000000000000000e+04 9.715509414672851562e-01
7.571500000000000000e+04 9.715278744697570801e-01
7.581000000000000000e+04 9.715895652770996094e-01
7.590500000000000000e+04 9.715850949287414551e-01
7.600000000000000000e+04 9.713785648345947266e-01
7.609500000000000000e+04 9.713774323463439941e-01
7.619000000000000000e+04 9.712545275688171387e-01
7.628500000000000000e+04 9.712031483650207520e-01
7.638000000000000000e+04 9.714444875717163086e-01
7.647500000000000000e+04 9.712815284729003906e-01
7.657000000000000000e+04 9.711290597915649414e-01
7.666500000000000000e+04 9.711999893188476562e-01
7.676000000000000000e+04 9.712713360786437988e-01
7.685500000000000000e+04 9.713001251220703125e-01
7.695000000000000000e+04 9.712749123573303223e-01
7.704500000000000000e+04 9.712201952934265137e-01
7.714000000000000000e+04 9.712327718734741211e-01
7.723500000000000000e+04 9.710600376129150391e-01
7.733000000000000000e+04 9.711364507675170898e-01
7.742500000000000000e+04 9.712399840354919434e-01
7.752000000000000000e+04 9.710923433303833008e-01
7.761500000000000000e+04 9.711429476737976074e-01
7.771000000000000000e+04 9.710913896560668945e-01
7.780500000000000000e+04 9.710106849670410156e-01
7.790000000000000000e+04 9.710216522216796875e-01
7.799500000000000000e+04 9.708420038223266602e-01
7.809000000000000000e+04 9.707387089729309082e-01
7.818500000000000000e+04 9.706209301948547363e-01
7.828000000000000000e+04 9.706228375434875488e-01
7.837500000000000000e+04 9.707318544387817383e-01
7.847000000000000000e+04 9.708064198493957520e-01
7.856500000000000000e+04 9.707117080688476562e-01
7.866000000000000000e+04 9.706880450248718262e-01
7.875500000000000000e+04 9.708055257797241211e-01
7.885000000000000000e+04 9.709581136703491211e-01
7.894500000000000000e+04 9.709952473640441895e-01
7.904000000000000000e+04 9.710274934768676758e-01
7.913500000000000000e+04 9.709338545799255371e-01
7.923000000000000000e+04 9.708881378173828125e-01
7.932500000000000000e+04 9.709317088127136230e-01
7.942000000000000000e+04 9.709553718566894531e-01
7.951500000000000000e+04 9.709088802337646484e-01
7.961000000000000000e+04 9.708997607231140137e-01
7.970500000000000000e+04 9.708241224288940430e-01
7.980000000000000000e+04 9.708839654922485352e-01
7.989500000000000000e+04 9.708057045936584473e-01
7.999000000000000000e+04 9.707075953483581543e-01
8.008500000000000000e+04 9.706892371177673340e-01
8.018000000000000000e+04 9.707871675491333008e-01
8.027500000000000000e+04 9.707412123680114746e-01
8.037000000000000000e+04 9.705682396888732910e-01
8.046500000000000000e+04 9.705054759979248047e-01
8.056000000000000000e+04 9.707305431365966797e-01
8.065500000000000000e+04 9.706679582595825195e-01
8.075000000000000000e+04 9.706906080245971680e-01
8.084500000000000000e+04 9.707711935043334961e-01
8.094000000000000000e+04 9.709335565567016602e-01
8.103500000000000000e+04 9.707748293876647949e-01
8.113000000000000000e+04 9.708647727966308594e-01
8.122500000000000000e+04 9.708917737007141113e-01
8.132000000000000000e+04 9.707015752792358398e-01
8.141500000000000000e+04 9.707018733024597168e-01
8.151000000000000000e+04 9.706790447235107422e-01
8.160500000000000000e+04 9.706450104713439941e-01
8.170000000000000000e+04 9.707078337669372559e-01
8.179500000000000000e+04 9.707584977149963379e-01
8.189000000000000000e+04 9.709662199020385742e-01
8.198500000000000000e+04 9.709410071372985840e-01
8.208000000000000000e+04 9.707698225975036621e-01
8.217500000000000000e+04 9.709169268608093262e-01
8.227000000000000000e+04 9.708470702171325684e-01
8.236500000000000000e+04 9.710511565208435059e-01
8.246000000000000000e+04 9.711664319038391113e-01
8.255500000000000000e+04 9.712554812431335449e-01
8.265000000000000000e+04 9.712418913841247559e-01
8.274500000000000000e+04 9.711852669715881348e-01
8.284000000000000000e+04 9.712737798690795898e-01
8.293500000000000000e+04 9.713349342346191406e-01
8.303000000000000000e+04 9.714264273643493652e-01
8.312500000000000000e+04 9.714943170547485352e-01
8.322000000000000000e+04 9.714483618736267090e-01
8.331500000000000000e+04 9.714773893356323242e-01
8.341000000000000000e+04 9.713246226310729980e-01
8.350500000000000000e+04 9.715132713317871094e-01
8.360000000000000000e+04 9.713630676269531250e-01
8.369500000000000000e+04 9.711406826972961426e-01
8.379000000000000000e+04 9.708704948425292969e-01
8.388500000000000000e+04 9.709810018539428711e-01
8.398000000000000000e+04 9.711220264434814453e-01
8.407500000000000000e+04 9.711287617683410645e-01
8.417000000000000000e+04 9.711406230926513672e-01
8.426500000000000000e+04 9.711678028106689453e-01
8.436000000000000000e+04 9.712510108947753906e-01
8.445500000000000000e+04 9.712321162223815918e-01
8.455000000000000000e+04 9.713373184204101562e-01
8.464500000000000000e+04 9.712508320808410645e-01
8.474000000000000000e+04 9.712734818458557129e-01
8.483500000000000000e+04 9.712269902229309082e-01
8.493000000000000000e+04 9.712747931480407715e-01
8.502500000000000000e+04 9.712566137313842773e-01
8.512000000000000000e+04 9.711638689041137695e-01
8.521500000000000000e+04 9.709522724151611328e-01
8.531000000000000000e+04 9.708535671234130859e-01
8.540500000000000000e+04 9.709171056747436523e-01
8.550000000000000000e+04 9.709488153457641602e-01
8.559500000000000000e+04 9.710003137588500977e-01
8.569000000000000000e+04 9.709557890892028809e-01
8.578500000000000000e+04 9.710003137588500977e-01
8.588000000000000000e+04 9.711059927940368652e-01
8.597500000000000000e+04 9.709807038307189941e-01
8.607000000000000000e+04 9.709501266479492188e-01
8.616500000000000000e+04 9.708575010299682617e-01
8.626000000000000000e+04 9.708850979804992676e-01
8.635500000000000000e+04 9.708812236785888672e-01
8.645000000000000000e+04 9.708229303359985352e-01
8.654500000000000000e+04 9.705873131752014160e-01
8.664000000000000000e+04 9.706552028656005859e-01
8.673500000000000000e+04 9.708350300788879395e-01
8.683000000000000000e+04 9.708668589591979980e-01
8.692500000000000000e+04 9.709709286689758301e-01
8.702000000000000000e+04 9.708517789840698242e-01
8.711500000000000000e+04 9.708009958267211914e-01
8.721000000000000000e+04 9.709641337394714355e-01
8.730500000000000000e+04 9.710727930068969727e-01
8.740000000000000000e+04 9.710487723350524902e-01
8.749500000000000000e+04 9.710071682929992676e-01
8.759000000000000000e+04 9.709630608558654785e-01
8.768500000000000000e+04 9.709461927413940430e-01
8.778000000000000000e+04 9.707797765731811523e-01
8.787500000000000000e+04 9.706463217735290527e-01
8.797000000000000000e+04 9.707102775573730469e-01
8.806500000000000000e+04 9.707248806953430176e-01
8.816000000000000000e+04 9.706202745437622070e-01
8.825500000000000000e+04 9.705085754394531250e-01
8.835000000000000000e+04 9.704712033271789551e-01
8.844500000000000000e+04 9.704946279525756836e-01
8.854000000000000000e+04 9.702912569046020508e-01
8.863500000000000000e+04 9.702708721160888672e-01
8.873000000000000000e+04 9.702538251876831055e-01
8.882500000000000000e+04 9.703767895698547363e-01
8.892000000000000000e+04 9.703918695449829102e-01
8.901500000000000000e+04 9.702893495559692383e-01
8.911000000000000000e+04 9.701543450355529785e-01
8.920500000000000000e+04 9.702159762382507324e-01
8.930000000000000000e+04 9.703263044357299805e-01
8.939500000000000000e+04 9.703036546707153320e-01
8.949000000000000000e+04 9.703076481819152832e-01
8.958500000000000000e+04 9.700856804847717285e-01
8.968000000000000000e+04 9.700535535812377930e-01
8.977500000000000000e+04 9.699075818061828613e-01
8.987000000000000000e+04 9.699729084968566895e-01
8.996500000000000000e+04 9.700920581817626953e-01
9.006000000000000000e+04 9.700932502746582031e-01
9.015500000000000000e+04 9.699606299400329590e-01
9.025000000000000000e+04 9.697834253311157227e-01
9.034500000000000000e+04 9.698331356048583984e-01
9.044000000000000000e+04 9.698418378829956055e-01
9.053500000000000000e+04 9.698272347450256348e-01
9.063000000000000000e+04 9.696177840232849121e-01
9.072500000000000000e+04 9.698201417922973633e-01
9.082000000000000000e+04 9.698463082313537598e-01
9.091500000000000000e+04 9.698771238327026367e-01
9.101000000000000000e+04 9.700012803077697754e-01
9.110500000000000000e+04 9.702497124671936035e-01
9.120000000000000000e+04 9.702472090721130371e-01
9.129500000000000000e+04 9.702558517456054688e-01
9.139000000000000000e+04 9.704349637031555176e-01
9.148500000000000000e+04 9.703887701034545898e-01
9.158000000000000000e+04 9.704006910324096680e-01
9.167500000000000000e+04 9.704416394233703613e-01
9.177000000000000000e+04 9.706167578697204590e-01
9.186500000000000000e+04 9.706473946571350098e-01
9.196000000000000000e+04 9.708337783813476562e-01
9.205500000000000000e+04 9.708684086799621582e-01
9.215000000000000000e+04 9.708769917488098145e-01
9.224500000000000000e+04 9.709705114364624023e-01
9.234000000000000000e+04 9.711291193962097168e-01
9.243500000000000000e+04 9.711110591888427734e-01
9.253000000000000000e+04 9.711126089096069336e-01
9.262500000000000000e+04 9.713037610054016113e-01
9.272000000000000000e+04 9.716013073921203613e-01
9.281500000000000000e+04 9.717598557472229004e-01
9.291000000000000000e+04 9.718154668807983398e-01
9.300500000000000000e+04 9.717878699302673340e-01
9.310000000000000000e+04 9.717308282852172852e-01
9.319500000000000000e+04 9.718925952911376953e-01
9.329000000000000000e+04 9.718302488327026367e-01
9.338500000000000000e+04 9.718394279479980469e-01
9.348000000000000000e+04 9.721058011054992676e-01
9.357500000000000000e+04 9.722802042961120605e-01
9.367000000000000000e+04 9.722843170166015625e-01
9.376500000000000000e+04 9.722567200660705566e-01
9.386000000000000000e+04 9.723582267761230469e-01
9.395500000000000000e+04 9.724051356315612793e-01
9.405000000000000000e+04 9.725239872932434082e-01
9.414500000000000000e+04 9.724823832511901855e-01
9.424000000000000000e+04 9.725255370140075684e-01
9.433500000000000000e+04 9.724317789077758789e-01
9.443000000000000000e+04 9.723624587059020996e-01
9.452500000000000000e+04 9.723572731018066406e-01
9.462000000000000000e+04 9.723211526870727539e-01
9.471500000000000000e+04 9.724122881889343262e-01
9.481000000000000000e+04 9.725367426872253418e-01
9.490500000000000000e+04 9.726321697235107422e-01
9.500000000000000000e+04 9.727646112442016602e-01
9.509500000000000000e+04 9.726918935775756836e-01
9.519000000000000000e+04 9.727402329444885254e-01
9.528500000000000000e+04 9.728063941001892090e-01
9.538000000000000000e+04 9.728369712829589844e-01
9.547500000000000000e+04 9.728068709373474121e-01
9.557000000000000000e+04 9.727677702903747559e-01
9.566500000000000000e+04 9.728249311447143555e-01
9.576000000000000000e+04 9.728108644485473633e-01
9.585500000000000000e+04 9.727973937988281250e-01
9.595000000000000000e+04 9.727334976196289062e-01
9.604500000000000000e+04 9.728735089302062988e-01
9.614000000000000000e+04 9.728710055351257324e-01
9.623500000000000000e+04 9.728027582168579102e-01
9.633000000000000000e+04 9.728838205337524414e-01
9.642500000000000000e+04 9.728604555130004883e-01
9.652000000000000000e+04 9.727470874786376953e-01
9.661500000000000000e+04 9.726847410202026367e-01
9.671000000000000000e+04 9.726224541664123535e-01
9.680500000000000000e+04 9.726821780204772949e-01
9.690000000000000000e+04 9.726722240447998047e-01
9.699500000000000000e+04 9.725992083549499512e-01
9.709000000000000000e+04 9.726278185844421387e-01
9.718500000000000000e+04 9.726688861846923828e-01
9.728000000000000000e+04 9.727817177772521973e-01
9.737500000000000000e+04 9.727660417556762695e-01
9.747000000000000000e+04 9.727560281753540039e-01
9.756500000000000000e+04 9.727941751480102539e-01
9.766000000000000000e+04 9.727762341499328613e-01
9.775500000000000000e+04 9.727556705474853516e-01
9.785000000000000000e+04 9.728659391403198242e-01
9.794500000000000000e+04 9.727791547775268555e-01
9.804000000000000000e+04 9.729856252670288086e-01
9.813500000000000000e+04 9.730225801467895508e-01
9.823000000000000000e+04 9.729133248329162598e-01
9.832500000000000000e+04 9.728125333786010742e-01
9.842000000000000000e+04 9.727644324302673340e-01
9.851500000000000000e+04 9.727557301521301270e-01
9.861000000000000000e+04 9.727632999420166016e-01
9.870500000000000000e+04 9.728136658668518066e-01
9.880000000000000000e+04 9.729168415069580078e-01
9.889500000000000000e+04 9.728485941886901855e-01
9.899000000000000000e+04 9.728692770004272461e-01
9.908500000000000000e+04 9.729692935943603516e-01
9.918000000000000000e+04 9.730272293090820312e-01
9.927500000000000000e+04 9.730961918830871582e-01
9.937000000000000000e+04 9.731116890907287598e-01
9.946500000000000000e+04 9.732537269592285156e-01
9.956000000000000000e+04 9.731682538986206055e-01
9.965500000000000000e+04 9.730883836746215820e-01
9.975000000000000000e+04 9.731934666633605957e-01
9.984500000000000000e+04 9.731484651565551758e-01
9.994000000000000000e+04 9.731485843658447266e-01
1.000350000000000000e+05 9.732208251953125000e-01
1.001300000000000000e+05 9.731754064559936523e-01
1.002250000000000000e+05 9.732275605201721191e-01
1.003200000000000000e+05 9.732583761215209961e-01
1.004150000000000000e+05 9.733296632766723633e-01
1.005100000000000000e+05 9.734500646591186523e-01
1.006050000000000000e+05 9.735019207000732422e-01
1.007000000000000000e+05 9.734863638877868652e-01
1.007950000000000000e+05 9.734833240509033203e-01
1.008900000000000000e+05 9.734174013137817383e-01
1.009850000000000000e+05 9.734242558479309082e-01
1.010800000000000000e+05 9.734268784523010254e-01
1.011750000000000000e+05 9.734184145927429199e-01
1.012700000000000000e+05 9.734236598014831543e-01
1.013650000000000000e+05 9.734199047088623047e-01
1.014600000000000000e+05 9.732835888862609863e-01
1.015550000000000000e+05 9.732801914215087891e-01
1.016500000000000000e+05 9.733210206031799316e-01
1.017450000000000000e+05 9.733505845069885254e-01
1.018400000000000000e+05 9.733604192733764648e-01
1.019350000000000000e+05 9.733598232269287109e-01
1.020300000000000000e+05 9.733137488365173340e-01
1.021250000000000000e+05 9.734108448028564453e-01
1.022200000000000000e+05 9.734496474266052246e-01
1.023150000000000000e+05 9.734447598457336426e-01
1.024100000000000000e+05 9.734136462211608887e-01
1.025050000000000000e+05 9.733254313468933105e-01
1.026000000000000000e+05 9.732614159584045410e-01
1.026950000000000000e+05 9.733279943466186523e-01
1.027900000000000000e+05 9.733527898788452148e-01
1.028850000000000000e+05 9.733253717422485352e-01
1.029800000000000000e+05 9.734436273574829102e-01
1.030750000000000000e+05 9.735239148139953613e-01
1.031700000000000000e+05 9.735046029090881348e-01
1.032650000000000000e+05 9.735475182533264160e-01
1.033600000000000000e+05 9.734725356101989746e-01
1.034550000000000000e+05 9.734269976615905762e-01
1.035500000000000000e+05 9.734691977500915527e-01
1.036450000000000000e+05 9.735335707664489746e-01
1.037400000000000000e+05 9.735564589500427246e-01
1.038350000000000000e+05 9.735286235809326172e-01
1.039300000000000000e+05 9.735691547393798828e-01
1.040250000000000000e+05 9.734546542167663574e-01
1.041200000000000000e+05 9.733443856239318848e-01
1.042150000000000000e+05 9.732880592346191406e-01
1.043100000000000000e+05 9.732016921043395996e-01
1.044050000000000000e+05 9.731868505477905273e-01
1.045000000000000000e+05 9.732850790023803711e-01
1.045950000000000000e+05 9.732304215431213379e-01
1.046900000000000000e+05 9.731944799423217773e-01
1.047850000000000000e+05 9.731448292732238770e-01
1.048800000000000000e+05 9.731873869895935059e-01
1.049750000000000000e+05 9.731466174125671387e-01
1.050700000000000000e+05 9.731445908546447754e-01
1.051650000000000000e+05 9.732125997543334961e-01
1.052600000000000000e+05 9.731584191322326660e-01
1.053550000000000000e+05 9.730854034423828125e-01
1.054500000000000000e+05 9.730165600776672363e-01
1.055450000000000000e+05 9.729759693145751953e-01
1.056400000000000000e+05 9.730499982833862305e-01
1.057350000000000000e+05 9.730386137962341309e-01
1.058300000000000000e+05 9.729478955268859863e-01
1.059250000000000000e+05 9.729411602020263672e-01
1.060200000000000000e+05 9.728026390075683594e-01
1.061150000000000000e+05 9.728255271911621094e-01
1.062100000000000000e+05 9.728688597679138184e-01
1.063050000000000000e+05 9.729703664779663086e-01
1.064000000000000000e+05 9.730340838432312012e-01
1.064950000000000000e+05 9.730154871940612793e-01
1.065900000000000000e+05 9.730153679847717285e-01
1.066850000000000000e+05 9.731855392456054688e-01
1.067800000000000000e+05 9.732274413108825684e-01
1.068750000000000000e+05 9.732450246810913086e-01
1.069700000000000000e+05 9.733552336692810059e-01
1.070650000000000000e+05 9.733374714851379395e-01
1.071600000000000000e+05 9.733265638351440430e-01
1.072550000000000000e+05 9.733648300170898438e-01
1.073500000000000000e+05 9.732654094696044922e-01
1.074450000000000000e+05 9.733124971389770508e-01
1.075400000000000000e+05 9.734348058700561523e-01
1.076350000000000000e+05 9.734464287757873535e-01
1.077300000000000000e+05 9.734222292900085449e-01
1.078250000000000000e+05 9.734359979629516602e-01
1.079200000000000000e+05 9.734180569648742676e-01
1.080150000000000000e+05 9.734722375869750977e-01
1.081100000000000000e+05 9.734227657318115234e-01
1.082050000000000000e+05 9.734042882919311523e-01
1.083000000000000000e+05 9.733837246894836426e-01
1.083950000000000000e+05 9.734813570976257324e-01
1.084900000000000000e+05 9.734432101249694824e-01
1.085850000000000000e+05 9.734991192817687988e-01
1.086800000000000000e+05 9.734087586402893066e-01
1.087750000000000000e+05 9.733869433403015137e-01
1.088700000000000000e+05 9.734300374984741211e-01
1.089650000000000000e+05 9.733769297599792480e-01
1.090600000000000000e+05 9.733179807662963867e-01
1.091550000000000000e+05 9.732860326766967773e-01
1.092500000000000000e+05 9.732881784439086914e-01
1.093450000000000000e+05 9.733488559722900391e-01
1.094400000000000000e+05 9.733260273933410645e-01
1.095350000000000000e+05 9.732932448387145996e-01
1.096300000000000000e+05 9.732717275619506836e-01
1.097250000000000000e+05 9.732789993286132812e-01
1.098200000000000000e+05 9.732526540756225586e-01
1.099150000000000000e+05 9.732706546783447266e-01
1.100100000000000000e+05 9.734716415405273438e-01
1.101050000000000000e+05 9.735739827156066895e-01
1.102000000000000000e+05 9.736157655715942383e-01
1.102950000000000000e+05 9.736698865890502930e-01
1.103900000000000000e+05 9.736828207969665527e-01
1.104850000000000000e+05 9.736346602439880371e-01
1.105800000000000000e+05 9.736246466636657715e-01
1.106750000000000000e+05 9.736357927322387695e-01
1.107700000000000000e+05 9.737520813941955566e-01
1.108650000000000000e+05 9.737712740898132324e-01
1.109600000000000000e+05 9.737649559974670410e-01
1.110550000000000000e+05 9.738131165504455566e-01
1.111500000000000000e+05 9.738454222679138184e-01
1.112450000000000000e+05 9.738660454750061035e-01
1.113400000000000000e+05 9.739282131195068359e-01
1.114350000000000000e+05 9.738613367080688477e-01
1.115300000000000000e+05 9.737772941589355469e-01
1.116250000000000000e+05 9.737010598182678223e-01
1.117200000000000000e+05 9.737107753753662109e-01
1.118150000000000000e+05 9.738362431526184082e-01
1.119100000000000000e+05 9.738727211952209473e-01
1.120050000000000000e+05 9.739688038825988770e-01
1.121000000000000000e+05 9.739412665367126465e-01
1.121950000000000000e+05 9.739949703216552734e-01
1.122900000000000000e+05 9.739151597023010254e-01
1.123850000000000000e+05 9.738632440567016602e-01
1.124800000000000000e+05 9.739289879798889160e-01
1.125750000000000000e+05 9.739081859588623047e-01
1.126700000000000000e+05 9.739284515380859375e-01
1.127650000000000000e+05 9.738838672637939453e-01
1.128600000000000000e+05 9.738181233406066895e-01
1.129550000000000000e+05 9.737451672554016113e-01
1.130500000000000000e+05 9.736241102218627930e-01
1.131450000000000000e+05 9.735672473907470703e-01
1.132400000000000000e+05 9.735739827156066895e-01
1.133350000000000000e+05 9.734724164009094238e-01
1.134300000000000000e+05 9.734056591987609863e-01
1.135250000000000000e+05 9.734414815902709961e-01
1.136200000000000000e+05 9.734349846839904785e-01
1.137150000000000000e+05 9.734451174736022949e-01
1.138100000000000000e+05 9.735113382339477539e-01
1.139050000000000000e+05 9.735525846481323242e-01
1.140000000000000000e+05 9.735406041145324707e-01
1.140950000000000000e+05 9.736058712005615234e-01
1.141900000000000000e+05 9.736145138740539551e-01
1.142850000000000000e+05 9.736829400062561035e-01
1.143800000000000000e+05 9.737549424171447754e-01
1.144750000000000000e+05 9.736431241035461426e-01
1.145700000000000000e+05 9.736840128898620605e-01
1.146650000000000000e+05 9.736530184745788574e-01
1.147600000000000000e+05 9.735800027847290039e-01
1.148550000000000000e+05 9.735557436943054199e-01
1.149500000000000000e+05 9.736009240150451660e-01
1.150450000000000000e+05 9.736898541450500488e-01
1.151400000000000000e+05 9.737573266029357910e-01
1.152350000000000000e+05 9.737583398818969727e-01
1.153300000000000000e+05 9.738102555274963379e-01
1.154250000000000000e+05 9.737782478332519531e-01
1.155200000000000000e+05 9.737355113029479980e-01
1.156150000000000000e+05 9.737997651100158691e-01
1.157100000000000000e+05 9.738231897354125977e-01
1.158050000000000000e+05 9.737961292266845703e-01
1.159000000000000000e+05 9.737820029258728027e-01
1.159950000000000000e+05 9.737872481346130371e-01
1.160900000000000000e+05 9.736718535423278809e-01
1.161850000000000000e+05 9.735876321792602539e-01
1.162800000000000000e+05 9.735934138298034668e-01
1.163750000000000000e+05 9.734337329864501953e-01
1.164700000000000000e+05 9.733594059944152832e-01
1.165650000000000000e+05 9.733356833457946777e-01
1.166600000000000000e+05 9.734090566635131836e-01
1.167550000000000000e+05 9.733293056488037109e-01
1.168500000000000000e+05 9.733851552009582520e-01
1.169450000000000000e+05 9.734269976615905762e-01
1.170400000000000000e+05 9.735080599784851074e-01
1.171350000000000000e+05 9.734830260276794434e-01
1.172300000000000000e+05 9.734151363372802734e-01
1.173250000000000000e+05 9.733529090881347656e-01
1.174200000000000000e+05 9.733894467353820801e-01
1.175150000000000000e+05 9.733942151069641113e-01
1.176100000000000000e+05 9.733839035034179688e-01
1.177050000000000000e+05 9.734297394752502441e-01
1.178000000000000000e+05 9.735108613967895508e-01
1.178950000000000000e+05 9.735000729560852051e-01
1.179900000000000000e+05 9.736347794532775879e-01
1.180850000000000000e+05 9.737184643745422363e-01
1.181800000000000000e+05 9.738268256187438965e-01
1.182750000000000000e+05 9.739212989807128906e-01
1.183700000000000000e+05 9.738625884056091309e-01
1.184650000000000000e+05 9.738623499870300293e-01
1.185600000000000000e+05 9.738526344299316406e-01
1.186550000000000000e+05 9.738862514495849609e-01
1.187500000000000000e+05 9.738973379135131836e-01
1.188450000000000000e+05 9.738594293594360352e-01
1.189400000000000000e+05 9.738419651985168457e-01
1.190350000000000000e+05 9.738498330116271973e-01
1.191300000000000000e+05 9.738814234733581543e-01
1.192250000000000000e+05 9.739530682563781738e-01
1.193200000000000000e+05 9.740062952041625977e-01
1.194150000000000000e+05 9.740077853202819824e-01
1.195100000000000000e+05 9.739997982978820801e-01
1.196050000000000000e+05 9.739908576011657715e-01
1.197000000000000000e+05 9.740114808082580566e-01
1.197950000000000000e+05 9.740608334541320801e-01
1.198900000000000000e+05 9.740571975708007812e-01
1.199850000000000000e+05 9.739792943000793457e-01
1.200800000000000000e+05 9.739204645156860352e-01
1.201750000000000000e+05 9.739041328430175781e-01
1.202700000000000000e+05 9.738691449165344238e-01
1.203650000000000000e+05 9.738520383834838867e-01
1.204600000000000000e+05 9.738450050354003906e-01
1.205550000000000000e+05 9.738608598709106445e-01
1.206500000000000000e+05 9.739233851432800293e-01
1.207450000000000000e+05 9.739547371864318848e-01
1.208400000000000000e+05 9.739421010017395020e-01
1.209350000000000000e+05 9.739794731140136719e-01
1.210300000000000000e+05 9.739893674850463867e-01
1.211250000000000000e+05 9.739932417869567871e-01
1.212200000000000000e+05 9.739977121353149414e-01
1.213150000000000000e+05 9.740853309631347656e-01
1.214100000000000000e+05 9.741081595420837402e-01
1.215050000000000000e+05 9.741610884666442871e-01
1.216000000000000000e+05 9.741021990776062012e-01
1.216950000000000000e+05 9.741249084472656250e-01
1.217900000000000000e+05 9.741454720497131348e-01
1.218850000000000000e+05 9.742487668991088867e-01
1.219800000000000000e+05 9.741727709770202637e-01
1.220750000000000000e+05 9.741244316101074219e-01
1.221700000000000000e+05 9.741430878639221191e-01
1.222650000000000000e+05 9.741211533546447754e-01
1.223600000000000000e+05 9.741271138191223145e-01
1.224550000000000000e+05 9.740689992904663086e-01
1.225500000000000000e+05 9.740211963653564453e-01
1.226450000000000000e+05 9.740268588066101074e-01
1.227400000000000000e+05 9.739958047866821289e-01
1.228350000000000000e+05 9.739614129066467285e-01
1.229300000000000000e+05 9.739823341369628906e-01
1.230250000000000000e+05 9.741685390472412109e-01
1.231200000000000000e+05 9.740897417068481445e-01
1.232150000000000000e+05 9.740347862243652344e-01
1.233100000000000000e+05 9.740242958068847656e-01
1.234050000000000000e+05 9.740512967109680176e-01
1.235000000000000000e+05 9.740460515022277832e-01
1.235950000000000000e+05 9.740452766418457031e-01
1.236900000000000000e+05 9.740503430366516113e-01
1.237850000000000000e+05 9.739692211151123047e-01
1.238800000000000000e+05 9.739697575569152832e-01
1.239750000000000000e+05 9.740411043167114258e-01
1.240700000000000000e+05 9.740582704544067383e-01
1.241650000000000000e+05 9.740483164787292480e-01
1.242600000000000000e+05 9.741359949111938477e-01
1.243550000000000000e+05 9.740543961524963379e-01
1.244500000000000000e+05 9.740874767303466797e-01
1.245450000000000000e+05 9.740861654281616211e-01
1.246400000000000000e+05 9.741259813308715820e-01
1.247350000000000000e+05 9.740927815437316895e-01
1.248300000000000000e+05 9.740362167358398438e-01
1.249250000000000000e+05 9.740239977836608887e-01
